<?xml version="1.0" encoding="utf-8"?>
<COLLADA xmlns="http://www.collada.org/2005/11/COLLADASchema" version="1.4.1">
  <asset>
    <contributor>
      <author>Mixamo</author>
      <authoring_tool>COLLADA Mixamo exporter</authoring_tool>
      <comments/>
    </contributor>
    <created>2022-11-08T05:06:24Z</created>
    <modified>2022-11-08T05:06:24Z</modified>
    <revision/>
    <title/>
    <unit meter="0.010000"/>
    <up_axis>Y_UP</up_axis>
  </asset>
  <library_animations>
    <animation id="mixamorig_Hips-anim" name="mixamorig_Hips">
      <source id="mixamorig_Hips-Matrix-animation-input">
        <float_array id="mixamorig_Hips-Matrix-animation-input-array" count="30">

0.000000 0.033333 0.066667 0.100000 0.133333 0.166667 0.200000 0.233333 0.266667 0.300000 0.333333 0.366667 0.400000 0.433333 0.466667 0.500000
0.533333 0.566667 0.600000 0.633333 0.666667 0.700000 0.733333 0.766667 0.800000 0.833333 0.866667 0.900000 0.933333 0.966667</float_array>
        <technique_common>
          <accessor source="#mixamorig_Hips-Matrix-animation-input-array" count="30">
            <param name="TIME" type="float"/>
          </accessor>
        </technique_common>
      </source>
      <source id="mixamorig_Hips-Matrix-animation-output-transform">
        <float_array id="mixamorig_Hips-Matrix-animation-output-transform-array" count="480">

0.982298 0.069890 0.173801 0.001801 -0.071760 0.997412 0.004492 7.172800 -0.173037 -0.016884 0.984771 0.058289 0.000000 0.000000 0.000000 1.000000
0.987902 0.049044 0.147118 0.013688 -0.048306 0.998796 -0.008586 7.232480 -0.147362 0.001375 0.989082 0.026819 0.000000 0.000000 0.000000 1.000000
0.993880 0.029512 0.106452 0.034420 -0.027135 0.999350 -0.023717 7.235540 -0.107083 0.020683 0.994035 -0.006480 0.000000 0.000000 0.000000 1.000000
0.998232 0.007845 0.058925 0.062149 -0.005661 0.999294 -0.037137 7.203253 -0.059174 0.036738 0.997571 -0.028588 0.000000 0.000000 0.000000 1.000000
0.999881 -0.008238 0.013065 0.088515 0.008803 0.999000 -0.043827 7.157087 -0.012691 0.043937 0.998954 -0.031635 0.000000 0.000000 0.000000 1.000000
0.999638 -0.009989 -0.024975 0.110940 0.008922 0.999058 -0.042475 7.104677 0.025375 0.042237 0.998785 -0.008696 0.000000 0.000000 0.000000 1.000000
0.998407 -0.007277 -0.055958 0.141968 0.004980 0.999143 -0.041084 7.031960 0.056209 0.040740 0.997587 0.045132 0.000000 0.000000 0.000000 1.000000
0.997235 -0.012037 -0.073326 0.170035 0.009000 0.999093 -0.041613 6.973452 0.073760 0.040839 0.996439 0.096351 0.000000 0.000000 0.000000 1.000000
0.996856 -0.029209 -0.073656 0.205416 0.026641 0.999011 -0.035613 6.980735 0.074623 0.033539 0.996648 0.151336 0.000000 0.000000 0.000000 1.000000
0.996444 -0.043942 -0.071895 0.241917 0.042492 0.998864 -0.021582 6.961142 0.072762 0.018450 0.997179 0.210102 0.000000 0.000000 0.000000 1.000000
0.995261 -0.067654 -0.069844 0.275142 0.067000 0.997685 -0.011674 6.903696 0.070472 0.006940 0.997490 0.236766 0.000000 0.000000 0.000000 1.000000
0.992101 -0.110265 -0.059805 0.284962 0.110411 0.993886 -0.000869 6.791504 0.059536 -0.005741 0.998210 0.203491 0.000000 0.000000 0.000000 1.000000
0.990780 -0.125485 -0.051065 0.324237 0.125861 0.992039 0.004209 6.866824 0.050130 -0.010597 0.998686 0.222421 0.000000 0.000000 0.000000 1.000000
0.990820 -0.124633 -0.052358 0.353003 0.125028 0.992144 0.004310 6.976391 0.051409 -0.010816 0.998619 0.224850 0.000000 0.000000 0.000000 1.000000
0.992093 -0.111545 -0.057525 0.363969 0.111918 0.993712 0.003284 7.086312 0.056797 -0.009696 0.998339 0.204506 0.000000 0.000000 0.000000 1.000000
0.994385 -0.095091 -0.046433 0.363741 0.094951 0.995468 -0.005215 7.166817 0.046718 0.000777 0.998908 0.164199 0.000000 0.000000 0.000000 1.000000
0.996916 -0.075871 -0.020039 0.348903 0.075591 0.997035 -0.014420 7.201644 0.021074 0.012860 0.999695 0.122119 0.000000 0.000000 0.000000 1.000000
0.998607 -0.050937 0.013797 0.317551 0.051202 0.998496 -0.019581 7.208687 -0.012779 0.020260 0.999713 0.081125 0.000000 0.000000 0.000000 1.000000
0.998409 -0.032781 0.045871 0.287319 0.033688 0.999249 -0.019144 7.189521 -0.045209 0.020659 0.998764 0.053621 0.000000 0.000000 0.000000 1.000000
0.996487 -0.028526 0.078738 0.254254 0.029586 0.999486 -0.012337 7.130220 -0.078345 0.014623 0.996819 0.070415 0.000000 0.000000 0.000000 1.000000
0.993176 -0.028146 0.113176 0.223960 0.029410 0.999522 -0.009507 7.026965 -0.112854 0.012770 0.993529 0.098234 0.000000 0.000000 0.000000 1.000000
0.990058 -0.024042 0.138592 0.192121 0.024714 0.999690 -0.003130 6.965804 -0.138474 0.006524 0.990345 0.138319 0.000000 0.000000 0.000000 1.000000
0.989145 -0.010447 0.146570 0.160148 0.010097 0.999944 0.003134 6.952597 -0.146594 -0.001621 0.989195 0.178385 0.000000 0.000000 0.000000 1.000000
0.988650 0.006005 0.150117 0.124183 -0.007243 0.999944 0.007704 6.944340 -0.150062 -0.008704 0.988638 0.209750 0.000000 0.000000 0.000000 1.000000
0.987811 0.026453 0.153395 0.091843 -0.028468 0.999535 0.010956 6.860446 -0.153034 -0.015190 0.988104 0.227702 0.000000 0.000000 0.000000 1.000000
0.986538 0.066044 0.149605 0.083741 -0.067811 0.997675 0.006733 6.764921 -0.148812 -0.016787 0.988723 0.193011 0.000000 0.000000 0.000000 1.000000
0.984681 0.093766 0.147010 0.073076 -0.094906 0.995486 0.000747 6.763663 -0.146276 -0.014688 0.989135 0.159240 0.000000 0.000000 0.000000 1.000000
0.983300 0.099563 0.152341 0.032751 -0.100379 0.994947 -0.002346 6.910453 -0.151805 -0.012985 0.988325 0.153231 0.000000 0.000000 0.000000 1.000000
0.981403 0.088873 0.170144 0.005131 -0.090145 0.995929 -0.000256 7.068101 -0.169474 -0.015087 0.985419 0.118791 0.000000 0.000000 0.000000 1.000000
0.982298 0.069890 0.173801 0.001801 -0.071760 0.997412 0.004492 7.172799 -0.173037 -0.016884 0.984771 0.058289 0.000000 0.000000 0.000000 1.000000</float_array>
        <technique_common>
          <accessor source="#mixamorig_Hips-Matrix-animation-output-transform-array" count="30" stride="16">
            <param type="float4x4"/>
          </accessor>
        </technique_common>
      </source>
      <source id="mixamorig_Hips-Interpolations">
        <Name_array id="mixamorig_Hips-Interpolations-array" count="30">
 LINEAR LINEAR LINEAR LINEAR LINEAR LINEAR LINEAR LINEAR LINEAR LINEAR LINEAR
LINEAR LINEAR LINEAR LINEAR LINEAR LINEAR LINEAR LINEAR LINEAR LINEAR LINEAR LINEAR
LINEAR LINEAR LINEAR LINEAR LINEAR LINEAR LINEAR</Name_array>
        <technique_common>
          <accessor source="#mixamorig_Hips-Interpolations-array" count="30">
            <param type="name"/>
          </accessor>
        </technique_common>
      </source>
      <sampler id="mixamorig_Hips-Matrix-animation-transform">
        <input semantic="INPUT" source="#mixamorig_Hips-Matrix-animation-input"/>
        <input semantic="OUTPUT" source="#mixamorig_Hips-Matrix-animation-output-transform"/>
        <input semantic="INTERPOLATION" source="#mixamorig_Hips-Interpolations"/>
      </sampler>
      <channel source="#mixamorig_Hips-Matrix-animation-transform" target="mixamorig_Hips/matrix"/>
    </animation>
    <animation id="mixamorig_Spine-anim" name="mixamorig_Spine">
      <source id="mixamorig_Spine-Matrix-animation-input">
        <float_array id="mixamorig_Spine-Matrix-animation-input-array" count="30">

0.000000 0.033333 0.066667 0.100000 0.133333 0.166667 0.200000 0.233333 0.266667 0.300000 0.333333 0.366667 0.400000 0.433333 0.466667 0.500000
0.533333 0.566667 0.600000 0.633333 0.666667 0.700000 0.733333 0.766667 0.800000 0.833333 0.866667 0.900000 0.933333 0.966667</float_array>
        <technique_common>
          <accessor source="#mixamorig_Spine-Matrix-animation-input-array" count="30">
            <param name="TIME" type="float"/>
          </accessor>
        </technique_common>
      </source>
      <source id="mixamorig_Spine-Matrix-animation-output-transform">
        <float_array id="mixamorig_Spine-Matrix-animation-output-transform-array" count="480">

0.998675 -0.049292 -0.014813 -0.000000 0.049349 0.998775 0.003524 0.742000 0.014621 -0.004251 0.999884 -0.036200 0.000000 0.000000 0.000000 1.000000
0.999335 -0.035885 -0.006480 -0.000000 0.035947 0.999306 0.009794 0.742000 0.006124 -0.010021 0.999931 -0.036200 0.000000 0.000000 0.000000 1.000000
0.999695 -0.024569 0.002565 0.000000 0.024520 0.999540 0.017830 0.742000 -0.003002 -0.017762 0.999838 -0.036200 0.000000 0.000000 0.000000 1.000000
0.999799 -0.017700 0.009385 -0.000000 0.017469 0.999556 0.024154 0.742000 -0.009809 -0.023985 0.999664 -0.036200 0.000000 0.000000 0.000000 1.000000
0.999714 -0.017999 0.015740 -0.000000 0.017537 0.999425 0.029032 0.742000 -0.016254 -0.028748 0.999455 -0.036200 0.000000 0.000000 0.000000 1.000000
0.999203 -0.031712 0.024222 0.000000 0.030867 0.998928 0.034496 0.742000 -0.025290 -0.033721 0.999111 -0.036200 0.000000 0.000000 0.000000 1.000000
0.998220 -0.048864 0.034191 0.000000 0.047212 0.997752 0.047562 0.742000 -0.036438 -0.045863 0.998283 -0.036200 0.000000 0.000000 0.000000 1.000000
0.998335 -0.046108 0.034655 -0.000000 0.044419 0.997858 0.048031 0.742000 -0.036796 -0.046412 0.998244 -0.036200 0.000000 0.000000 0.000000 1.000000
0.999340 -0.023755 0.027485 -0.000000 0.022625 0.998914 0.040730 0.742000 -0.028423 -0.040081 0.998792 -0.036200 0.000000 0.000000 0.000000 1.000000
0.999694 -0.006681 0.023805 -0.000000 0.005899 0.999446 0.032761 0.742000 -0.024011 -0.032611 0.999180 -0.036200 0.000000 0.000000 0.000000 1.000000
0.999741 0.008479 0.021139 -0.000000 -0.008894 0.999768 0.019606 0.742000 -0.020968 -0.019789 0.999584 -0.036200 0.000000 0.000000 0.000000 1.000000
0.999102 0.039253 0.015968 0.000000 -0.039295 0.999225 0.002307 0.742000 -0.015865 -0.002933 0.999870 -0.036200 0.000000 0.000000 0.000000 1.000000
0.999063 0.042041 0.010302 -0.000000 -0.041945 0.999076 -0.009392 0.742000 -0.010687 0.008951 0.999903 -0.036200 0.000000 0.000000 0.000000 1.000000
0.999470 0.031642 0.007670 -0.000000 -0.031500 0.999341 -0.018012 0.742000 -0.008235 0.017761 0.999808 -0.036200 0.000000 0.000000 0.000000 1.000000
0.999826 0.018118 0.004353 0.000000 -0.018010 0.999562 -0.023486 0.742000 -0.004777 0.023404 0.999715 -0.036200 0.000000 0.000000 0.000000 1.000000
0.999977 0.006235 -0.002555 0.000000 -0.006283 0.999794 -0.019318 0.742000 0.002434 0.019333 0.999810 -0.036200 0.000000 0.000000 0.000000 1.000000
0.999933 -0.004513 -0.010666 -0.000000 0.004420 0.999953 -0.008649 0.742000 0.010704 0.008601 0.999906 -0.036200 0.000000 0.000000 0.000000 1.000000
0.999712 -0.015096 -0.018646 0.000000 0.015126 0.999885 0.001474 0.742000 0.018622 -0.001756 0.999825 -0.036200 0.000000 0.000000 0.000000 1.000000
0.999545 -0.015822 -0.025696 0.000000 0.016079 0.999822 0.009840 0.742000 0.025536 -0.010249 0.999621 -0.036200 0.000000 0.000000 0.000000 1.000000
0.999349 0.000551 -0.036080 0.000000 0.000099 0.999838 0.018009 0.742000 0.036084 -0.018000 0.999187 -0.036200 0.000000 0.000000 0.000000 1.000000
0.998749 0.017369 -0.046882 0.000000 -0.016145 0.999522 0.026356 0.742000 0.047317 -0.025566 0.998553 -0.036200 0.000000 0.000000 0.000000 1.000000
0.998609 0.017939 -0.049584 0.000000 -0.016787 0.999582 0.023550 0.742000 0.049986 -0.022685 0.998492 -0.036200 0.000000 0.000000 0.000000 1.000000
0.999001 -0.000017 -0.044697 0.000000 0.000909 0.999801 0.019945 0.742000 0.044688 -0.019965 0.998801 -0.036200 0.000000 0.000000 0.000000 1.000000
0.998950 -0.019278 -0.041552 -0.000000 0.020116 0.999601 0.019844 0.742000 0.041153 -0.020659 0.998939 -0.036200 0.000000 0.000000 0.000000 1.000000
0.998595 -0.033853 -0.040758 -0.000000 0.034592 0.999247 0.017564 0.742000 0.040133 -0.018949 0.999015 -0.036200 0.000000 0.000000 0.000000 1.000000
0.996995 -0.067928 -0.037240 0.000000 0.068590 0.997504 0.016796 0.742000 0.036006 -0.019299 0.999165 -0.036200 0.000000 0.000000 0.000000 1.000000
0.995795 -0.085720 -0.032321 0.000000 0.086287 0.996132 0.016602 0.742000 0.030773 -0.019321 0.999340 -0.036200 0.000000 0.000000 0.000000 1.000000
0.996518 -0.078786 -0.027271 0.000000 0.079302 0.996681 0.018382 0.742000 0.025732 -0.020480 0.999459 -0.036200 0.000000 0.000000 0.000000 1.000000
0.997745 -0.063494 -0.021753 -0.000000 0.063732 0.997913 0.010434 0.742000 0.021045 -0.011797 0.999709 -0.036200 0.000000 0.000000 0.000000 1.000000
0.998675 -0.049292 -0.014813 0.000000 0.049349 0.998775 0.003524 0.742000 0.014621 -0.004251 0.999884 -0.036200 0.000000 0.000000 0.000000 1.000000</float_array>
        <technique_common>
          <accessor source="#mixamorig_Spine-Matrix-animation-output-transform-array" count="30" stride="16">
            <param type="float4x4"/>
          </accessor>
        </technique_common>
      </source>
      <source id="mixamorig_Spine-Interpolations">
        <Name_array id="mixamorig_Spine-Interpolations-array" count="30">
 LINEAR LINEAR LINEAR LINEAR LINEAR LINEAR LINEAR LINEAR LINEAR LINEAR LINEAR
LINEAR LINEAR LINEAR LINEAR LINEAR LINEAR LINEAR LINEAR LINEAR LINEAR LINEAR LINEAR
LINEAR LINEAR LINEAR LINEAR LINEAR LINEAR LINEAR</Name_array>
        <technique_common>
          <accessor source="#mixamorig_Spine-Interpolations-array" count="30">
            <param type="name"/>
          </accessor>
        </technique_common>
      </source>
      <sampler id="mixamorig_Spine-Matrix-animation-transform">
        <input semantic="INPUT" source="#mixamorig_Spine-Matrix-animation-input"/>
        <input semantic="OUTPUT" source="#mixamorig_Spine-Matrix-animation-output-transform"/>
        <input semantic="INTERPOLATION" source="#mixamorig_Spine-Interpolations"/>
      </sampler>
      <channel source="#mixamorig_Spine-Matrix-animation-transform" target="mixamorig_Spine/matrix"/>
    </animation>
    <animation id="mixamorig_Spine1-anim" name="mixamorig_Spine1">
      <source id="mixamorig_Spine1-Matrix-animation-input">
        <float_array id="mixamorig_Spine1-Matrix-animation-input-array" count="30">

0.000000 0.033333 0.066667 0.100000 0.133333 0.166667 0.200000 0.233333 0.266667 0.300000 0.333333 0.366667 0.400000 0.433333 0.466667 0.500000
0.533333 0.566667 0.600000 0.633333 0.666667 0.700000 0.733333 0.766667 0.800000 0.833333 0.866667 0.900000 0.933333 0.966667</float_array>
        <technique_common>
          <accessor source="#mixamorig_Spine1-Matrix-animation-input-array" count="30">
            <param name="TIME" type="float"/>
          </accessor>
        </technique_common>
      </source>
      <source id="mixamorig_Spine1-Matrix-animation-output-transform">
        <float_array id="mixamorig_Spine1-Matrix-animation-output-transform-array" count="480">

0.999100 -0.012796 -0.040432 0.000000 0.011634 0.999516 -0.028842 0.866700 0.040782 0.028346 0.998766 0.000000 0.000000 0.000000 0.000000 1.000000
0.999750 -0.003894 -0.022029 0.000000 0.003387 0.999729 -0.023031 0.866700 0.022113 0.022950 0.999492 0.000000 0.000000 0.000000 0.000000 1.000000
0.999999 0.000252 -0.001224 0.000000 -0.000277 0.999785 -0.020756 0.866700 0.001218 0.020756 0.999784 0.000000 0.000000 0.000000 0.000000 1.000000
0.999857 0.008595 0.014530 0.000000 -0.008320 0.999787 -0.018900 0.866700 -0.014689 0.018776 0.999716 0.000000 0.000000 0.000000 0.000000 1.000000
0.999494 0.015299 0.027899 0.000000 -0.014660 0.999629 -0.022968 0.866700 -0.028240 0.022548 0.999347 -0.000000 0.000000 0.000000 0.000000 1.000000
0.999107 0.021944 0.036093 0.000000 -0.020834 0.999307 -0.030856 0.866700 -0.036745 0.030077 0.998872 0.000000 0.000000 0.000000 0.000000 1.000000
0.998713 0.028342 0.042056 0.000000 -0.026699 0.998877 -0.039129 0.866700 -0.043117 0.037956 0.998349 0.000000 0.000000 0.000000 0.000000 1.000000
0.998458 0.028284 0.047761 0.000000 -0.026514 0.998952 -0.037304 0.866700 -0.048766 0.035980 0.998162 0.000000 0.000000 0.000000 0.000000 1.000000
0.998472 0.024109 0.049722 0.000000 -0.022585 0.999265 -0.030988 0.866700 -0.050433 0.029818 0.998282 0.000000 0.000000 0.000000 0.000000 1.000000
0.998580 0.022036 0.048494 0.000000 -0.020805 0.999452 -0.025728 0.866700 -0.049035 0.024682 0.998492 0.000000 0.000000 0.000000 0.000000 1.000000
0.998739 0.025569 0.043198 0.000000 -0.024755 0.999508 -0.019269 0.866700 -0.043669 0.018175 0.998881 0.000000 0.000000 0.000000 0.000000 1.000000
0.999013 0.029253 0.033435 0.000000 -0.028637 0.999414 -0.018770 0.866700 -0.033964 0.017794 0.999265 -0.000000 0.000000 0.000000 0.000000 1.000000
0.999132 0.033190 0.025183 0.000000 -0.032626 0.999215 -0.022470 0.866700 -0.025909 0.021629 0.999430 0.000000 0.000000 0.000000 0.000000 1.000000
0.999165 0.035670 0.019913 -0.000000 -0.035179 0.999081 -0.024508 0.866700 -0.020769 0.023787 0.999501 0.000000 0.000000 0.000000 0.000000 1.000000
0.999411 0.032242 0.011751 0.000000 -0.031935 0.999165 -0.025483 0.866700 -0.012563 0.025093 0.999606 0.000000 0.000000 0.000000 0.000000 1.000000
0.999626 0.027044 -0.004094 0.000000 -0.027134 0.999349 -0.023789 0.866700 0.003448 0.023892 0.999709 0.000000 0.000000 0.000000 0.000000 1.000000
0.999510 0.021287 -0.022945 0.000000 -0.021850 0.999459 -0.024589 0.866700 0.022409 0.025079 0.999434 -0.000000 0.000000 0.000000 0.000000 1.000000
0.999036 0.015176 -0.041182 0.000000 -0.016357 0.999460 -0.028500 0.866700 0.040727 0.029146 0.998745 -0.000000 0.000000 0.000000 0.000000 1.000000
0.998482 0.007025 -0.054629 0.000000 -0.009073 0.999262 -0.037337 0.866700 0.054326 0.037776 0.997808 0.000000 0.000000 0.000000 0.000000 1.000000
0.997916 -0.004009 -0.064395 0.000000 0.000826 0.998779 -0.049385 0.866700 0.064515 0.049229 0.996702 -0.000000 0.000000 0.000000 0.000000 1.000000
0.997181 -0.012867 -0.073925 0.000000 0.008582 0.998280 -0.057995 0.866700 0.074544 0.057197 0.995576 0.000000 0.000000 0.000000 0.000000 1.000000
0.996635 -0.013692 -0.080813 0.000000 0.009141 0.998365 -0.056419 0.866700 0.081454 0.055490 0.995131 0.000000 0.000000 0.000000 0.000000 1.000000
0.996458 -0.008566 -0.083655 0.000000 0.004401 0.998747 -0.049850 0.866700 0.083977 0.049305 0.995247 0.000000 0.000000 0.000000 0.000000 1.000000
0.996339 -0.003530 -0.085416 0.000000 -0.000039 0.999129 -0.041740 0.866700 0.085489 0.041590 0.995471 0.000000 0.000000 0.000000 0.000000 1.000000
0.996600 -0.005706 -0.082194 0.000000 0.002910 0.999414 -0.034093 0.866700 0.082340 0.033738 0.996033 0.000000 0.000000 0.000000 0.000000 1.000000
0.996973 -0.007529 -0.077386 0.000000 0.005392 0.999599 -0.027794 0.866700 0.077564 0.027292 0.996614 -0.000000 0.000000 0.000000 0.000000 1.000000
0.997452 -0.013883 -0.069972 0.000000 0.012016 0.999562 -0.027041 0.866700 0.070317 0.026132 0.997182 0.000000 0.000000 0.000000 0.000000 1.000000
0.997806 -0.021736 -0.062533 0.000000 0.019850 0.999334 -0.030626 0.866700 0.063157 0.029318 0.997573 0.000000 0.000000 0.000000 0.000000 1.000000
0.998294 -0.022616 -0.053835 0.000000 0.021012 0.999324 -0.030176 0.866700 0.054481 0.028993 0.998094 0.000000 0.000000 0.000000 0.000000 1.000000
0.999100 -0.012796 -0.040432 0.000000 0.011634 0.999516 -0.028842 0.866700 0.040782 0.028346 0.998766 0.000000 0.000000 0.000000 0.000000 1.000000</float_array>
        <technique_common>
          <accessor source="#mixamorig_Spine1-Matrix-animation-output-transform-array" count="30" stride="16">
            <param type="float4x4"/>
          </accessor>
        </technique_common>
      </source>
      <source id="mixamorig_Spine1-Interpolations">
        <Name_array id="mixamorig_Spine1-Interpolations-array" count="30">
 LINEAR LINEAR LINEAR LINEAR LINEAR LINEAR LINEAR LINEAR LINEAR LINEAR LINEAR
LINEAR LINEAR LINEAR LINEAR LINEAR LINEAR LINEAR LINEAR LINEAR LINEAR LINEAR LINEAR
LINEAR LINEAR LINEAR LINEAR LINEAR LINEAR LINEAR</Name_array>
        <technique_common>
          <accessor source="#mixamorig_Spine1-Interpolations-array" count="30">
            <param type="name"/>
          </accessor>
        </technique_common>
      </source>
      <sampler id="mixamorig_Spine1-Matrix-animation-transform">
        <input semantic="INPUT" source="#mixamorig_Spine1-Matrix-animation-input"/>
        <input semantic="OUTPUT" source="#mixamorig_Spine1-Matrix-animation-output-transform"/>
        <input semantic="INTERPOLATION" source="#mixamorig_Spine1-Interpolations"/>
      </sampler>
      <channel source="#mixamorig_Spine1-Matrix-animation-transform" target="mixamorig_Spine1/matrix"/>
    </animation>
    <animation id="mixamorig_Spine2-anim" name="mixamorig_Spine2">
      <source id="mixamorig_Spine2-Matrix-animation-input">
        <float_array id="mixamorig_Spine2-Matrix-animation-input-array" count="30">

0.000000 0.033333 0.066667 0.100000 0.133333 0.166667 0.200000 0.233333 0.266667 0.300000 0.333333 0.366667 0.400000 0.433333 0.466667 0.500000
0.533333 0.566667 0.600000 0.633333 0.666667 0.700000 0.733333 0.766667 0.800000 0.833333 0.866667 0.900000 0.933333 0.966667</float_array>
        <technique_common>
          <accessor source="#mixamorig_Spine2-Matrix-animation-input-array" count="30">
            <param name="TIME" type="float"/>
          </accessor>
        </technique_common>
      </source>
      <source id="mixamorig_Spine2-Matrix-animation-output-transform">
        <float_array id="mixamorig_Spine2-Matrix-animation-output-transform-array" count="480">

0.999195 -0.002443 -0.040038 0.000000 0.004486 0.998688 0.051004 0.990500 0.039861 -0.051142 0.997896 0.000000 0.000000 0.000000 0.000000 1.000000
0.999754 0.005999 -0.021363 -0.000000 -0.004792 0.998412 0.056130 0.990500 0.021666 -0.056014 0.998195 0.000000 0.000000 0.000000 0.000000 1.000000
0.999955 0.009466 -0.000606 -0.000000 -0.009415 0.998285 0.057773 0.990500 0.001152 -0.057764 0.998330 0.000000 0.000000 0.000000 0.000000 1.000000
0.999733 0.017127 0.015485 0.000000 -0.018016 0.998081 0.059235 0.990500 -0.014441 -0.059498 0.998124 -0.000000 0.000000 0.000000 0.000000 1.000000
0.999304 0.023098 0.029294 0.000000 -0.024677 0.998195 0.054755 0.990500 -0.027976 -0.055439 0.998070 -0.000000 0.000000 0.000000 0.000000 1.000000
0.998849 0.029133 0.038116 -0.000000 -0.030893 0.998444 0.046419 0.990500 -0.036705 -0.047544 0.998195 -0.000000 0.000000 0.000000 0.000000 1.000000
0.998388 0.034745 0.044879 0.000000 -0.036448 0.998624 0.037716 0.990500 -0.043507 -0.039291 0.998280 0.000000 0.000000 0.000000 0.000000 1.000000
0.998132 0.034256 0.050581 0.000000 -0.036266 0.998567 0.039360 0.990500 -0.049161 -0.041121 0.997944 0.000000 0.000000 0.000000 0.000000 1.000000
0.998201 0.030202 0.051789 0.000000 -0.032596 0.998409 0.046015 0.990500 -0.050317 -0.047620 0.997597 -0.000000 0.000000 0.000000 0.000000 1.000000
0.998341 0.028485 0.050032 0.000000 -0.031069 0.998182 0.051651 0.990500 -0.048470 -0.053120 0.997411 0.000000 0.000000 0.000000 0.000000 1.000000
0.998475 0.032708 0.044482 0.000000 -0.035284 0.997669 0.058416 0.990500 -0.042468 -0.059896 0.997301 0.000000 0.000000 0.000000 0.000000 1.000000
0.998724 0.037088 0.034265 -0.000000 -0.039074 0.997479 0.059238 0.990500 -0.031981 -0.060501 0.997656 0.000000 0.000000 0.000000 0.000000 1.000000
0.998809 0.041439 0.025759 -0.000000 -0.042822 0.997531 0.055658 0.990500 -0.023389 -0.056695 0.998118 0.000000 0.000000 0.000000 0.000000 1.000000
0.998815 0.044146 0.020509 0.000000 -0.045190 0.997541 0.053570 0.990500 -0.018093 -0.054434 0.998353 0.000000 0.000000 0.000000 0.000000 1.000000
0.999087 0.040907 0.012295 0.000000 -0.041500 0.997750 0.052653 0.990500 -0.010113 -0.053115 0.998537 -0.000000 0.000000 0.000000 0.000000 1.000000
0.999346 0.035981 -0.003488 0.000000 -0.035737 0.997869 0.054598 0.990500 0.005445 -0.054438 0.998502 0.000000 0.000000 0.000000 0.000000 1.000000
0.999282 0.030782 -0.022108 0.000000 -0.029546 0.998093 0.054189 0.990500 0.023734 -0.053497 0.998286 0.000000 0.000000 0.000000 0.000000 1.000000
0.998865 0.025533 -0.040215 -0.000000 -0.023475 0.998431 0.050841 0.990500 0.041450 -0.049839 0.997897 0.000000 0.000000 0.000000 0.000000 1.000000
0.998368 0.018369 -0.054079 0.000000 -0.016094 0.998980 0.042194 0.990500 0.054799 -0.041255 0.997645 0.000000 0.000000 0.000000 0.000000 1.000000
0.997872 0.008388 -0.064663 0.000000 -0.006470 0.999535 0.029806 0.990500 0.064883 -0.029324 0.997462 -0.000000 0.000000 0.000000 0.000000 1.000000
0.997196 0.000723 -0.074828 -0.000000 0.000830 0.999785 0.020716 0.990500 0.074827 -0.020720 0.996981 0.000000 0.000000 0.000000 0.000000 1.000000
0.996655 0.000157 -0.081719 0.000000 0.001659 0.999753 0.022165 0.990500 0.081703 -0.022227 0.996409 -0.000000 0.000000 0.000000 0.000000 1.000000
0.996446 0.005153 -0.084077 0.000000 -0.002703 0.999569 0.029235 0.990500 0.084192 -0.028904 0.996030 0.000000 0.000000 0.000000 0.000000 1.000000
0.996303 0.010068 -0.085322 0.000000 -0.006852 0.999258 0.037903 0.990500 0.085640 -0.037178 0.995632 -0.000000 0.000000 0.000000 0.000000 1.000000
0.996611 0.007322 -0.081927 -0.000000 -0.003555 0.998934 0.046032 0.990500 0.082177 -0.045585 0.995575 0.000000 0.000000 0.000000 0.000000 1.000000
0.997044 0.004921 -0.076680 0.000000 -0.000838 0.998584 0.053194 0.990500 0.076833 -0.052972 0.995636 -0.000000 0.000000 0.000000 0.000000 1.000000
0.997595 -0.001846 -0.069291 -0.000000 0.005617 0.998511 0.054269 0.990500 0.069088 -0.054527 0.996119 0.000000 0.000000 0.000000 0.000000 1.000000
0.998001 -0.009811 -0.062430 0.000000 0.012966 0.998648 0.050338 0.990500 0.061852 -0.051047 0.996779 0.000000 0.000000 0.000000 0.000000 1.000000
0.998484 -0.011456 -0.053844 0.000000 0.014164 0.998639 0.050199 0.990500 0.053196 -0.050885 0.997287 0.000000 0.000000 0.000000 0.000000 1.000000
0.999195 -0.002443 -0.040038 -0.000000 0.004486 0.998688 0.051004 0.990500 0.039861 -0.051142 0.997896 0.000000 0.000000 0.000000 0.000000 1.000000</float_array>
        <technique_common>
          <accessor source="#mixamorig_Spine2-Matrix-animation-output-transform-array" count="30" stride="16">
            <param type="float4x4"/>
          </accessor>
        </technique_common>
      </source>
      <source id="mixamorig_Spine2-Interpolations">
        <Name_array id="mixamorig_Spine2-Interpolations-array" count="30">
 LINEAR LINEAR LINEAR LINEAR LINEAR LINEAR LINEAR LINEAR LINEAR LINEAR LINEAR
LINEAR LINEAR LINEAR LINEAR LINEAR LINEAR LINEAR LINEAR LINEAR LINEAR LINEAR LINEAR
LINEAR LINEAR LINEAR LINEAR LINEAR LINEAR LINEAR</Name_array>
        <technique_common>
          <accessor source="#mixamorig_Spine2-Interpolations-array" count="30">
            <param type="name"/>
          </accessor>
        </technique_common>
      </source>
      <sampler id="mixamorig_Spine2-Matrix-animation-transform">
        <input semantic="INPUT" source="#mixamorig_Spine2-Matrix-animation-input"/>
        <input semantic="OUTPUT" source="#mixamorig_Spine2-Matrix-animation-output-transform"/>
        <input semantic="INTERPOLATION" source="#mixamorig_Spine2-Interpolations"/>
      </sampler>
      <channel source="#mixamorig_Spine2-Matrix-animation-transform" target="mixamorig_Spine2/matrix"/>
    </animation>
    <animation id="mixamorig_Neck-anim" name="mixamorig_Neck">
      <source id="mixamorig_Neck-Matrix-animation-input">
        <float_array id="mixamorig_Neck-Matrix-animation-input-array" count="30">

0.000000 0.033333 0.066667 0.100000 0.133333 0.166667 0.200000 0.233333 0.266667 0.300000 0.333333 0.366667 0.400000 0.433333 0.466667 0.500000
0.533333 0.566667 0.600000 0.633333 0.666667 0.700000 0.733333 0.766667 0.800000 0.833333 0.866667 0.900000 0.933333 0.966667</float_array>
        <technique_common>
          <accessor source="#mixamorig_Neck-Matrix-animation-input-array" count="30">
            <param name="TIME" type="float"/>
          </accessor>
        </technique_common>
      </source>
      <source id="mixamorig_Neck-Matrix-animation-output-transform">
        <float_array id="mixamorig_Neck-Matrix-animation-output-transform-array" count="480">

0.999651 0.017169 -0.020092 0.000000 -0.016971 0.999806 0.009982 1.114300 0.020259 -0.009638 0.999748 -0.000000 0.000000 0.000000 0.000000 1.000000
0.999657 0.012774 -0.022852 0.000000 -0.012726 0.999916 0.002248 1.114300 0.022879 -0.001956 0.999736 0.000000 0.000000 0.000000 0.000000 1.000000
0.999580 0.019045 -0.021836 0.000000 -0.018925 0.999805 0.005687 1.114300 0.021940 -0.005271 0.999745 -0.000000 0.000000 0.000000 0.000000 1.000000
0.999497 0.026028 -0.018133 0.000000 -0.025807 0.999591 0.012339 1.114300 0.018447 -0.011865 0.999759 -0.000000 0.000000 0.000000 0.000000 1.000000
0.999148 0.039470 -0.012017 0.000000 -0.039183 0.998962 0.023239 1.114300 0.012922 -0.022748 0.999658 0.000000 0.000000 0.000000 0.000000 1.000000
0.998739 0.049698 -0.007127 0.000000 -0.049421 0.998170 0.034844 1.114300 0.008845 -0.034447 0.999367 0.000000 0.000000 0.000000 0.000000 1.000000
0.998585 0.052922 -0.005308 0.000000 -0.052656 0.997740 0.041739 1.114300 0.007505 -0.041400 0.999114 0.000000 0.000000 0.000000 0.000000 1.000000
0.998641 0.051890 -0.004908 0.000000 -0.051645 0.997819 0.041116 1.114300 0.007031 -0.040807 0.999142 -0.000000 0.000000 0.000000 0.000000 1.000000
0.998876 0.047037 -0.005929 -0.000000 -0.046803 0.998297 0.034836 1.114300 0.007558 -0.034520 0.999375 0.000000 0.000000 0.000000 0.000000 1.000000
0.999116 0.041379 -0.007393 0.000000 -0.041138 0.998698 0.030176 1.114300 0.008632 -0.029845 0.999517 0.000000 0.000000 0.000000 0.000000 1.000000
0.999164 0.040216 -0.007352 0.000000 -0.039983 0.998765 0.029490 1.114300 0.008528 -0.029171 0.999538 0.000000 0.000000 0.000000 0.000000 1.000000
0.998930 0.046016 -0.004576 0.000000 -0.045834 0.998367 0.034089 1.114300 0.006137 -0.033843 0.999408 0.000000 0.000000 0.000000 0.000000 1.000000
0.998565 0.053524 -0.001513 0.000000 -0.053418 0.997741 0.040745 1.114300 0.003690 -0.040605 0.999168 0.000000 0.000000 0.000000 0.000000 1.000000
0.998250 0.059115 0.001656 0.000000 -0.059133 0.997436 0.040313 1.114300 0.000731 -0.040341 0.999186 0.000000 0.000000 0.000000 0.000000 1.000000
0.998143 0.060620 0.005966 0.000000 -0.060790 0.997556 0.034437 1.114300 -0.003863 -0.034735 0.999389 0.000000 0.000000 0.000000 0.000000 1.000000
0.998240 0.058502 0.009737 -0.000000 -0.058725 0.997975 0.024442 1.114300 -0.008288 -0.024971 0.999654 0.000000 0.000000 0.000000 0.000000 1.000000
0.998424 0.054899 0.011667 -0.000000 -0.055093 0.998336 0.017004 1.114300 -0.010714 -0.017620 0.999787 0.000000 0.000000 0.000000 0.000000 1.000000
0.998900 0.045869 0.009752 0.000000 -0.046024 0.998805 0.016419 1.114300 -0.008987 -0.016850 0.999818 0.000000 0.000000 0.000000 0.000000 1.000000
0.999237 0.038482 0.006669 0.000000 -0.038630 0.998969 0.023848 1.114300 -0.005744 -0.024087 0.999693 -0.000000 0.000000 0.000000 0.000000 1.000000
0.999424 0.033748 0.003636 0.000000 -0.033860 0.998739 0.037075 1.114300 -0.002381 -0.037177 0.999306 0.000000 0.000000 0.000000 0.000000 1.000000
0.999544 0.030172 0.001134 0.000000 -0.030192 0.998386 0.048112 1.114300 0.000320 -0.048125 0.998841 0.000000 0.000000 0.000000 0.000000 1.000000
0.999581 0.028917 -0.000810 0.000000 -0.028846 0.998441 0.047794 1.114300 0.002191 -0.047750 0.998857 0.000000 0.000000 0.000000 0.000000 1.000000
0.999545 0.030134 -0.001203 -0.000000 -0.030067 0.998825 0.038015 1.114300 0.002347 -0.037962 0.999276 0.000000 0.000000 0.000000 0.000000 1.000000
0.999470 0.032544 0.000049 -0.000000 -0.032530 0.999020 0.030019 1.114300 0.000928 -0.030005 0.999549 0.000000 0.000000 0.000000 0.000000 1.000000
0.999305 0.037272 0.000964 0.000000 -0.037284 0.998886 0.028929 1.114300 0.000116 -0.028945 0.999581 0.000000 0.000000 0.000000 0.000000 1.000000
0.999280 0.037935 0.000671 0.000000 -0.037939 0.998939 0.026087 1.114300 0.000320 -0.026093 0.999659 0.000000 0.000000 0.000000 0.000000 1.000000
0.999305 0.037254 -0.001210 0.000000 -0.037207 0.998928 0.027527 1.114300 0.002234 -0.027463 0.999620 0.000000 0.000000 0.000000 0.000000 1.000000
0.999437 0.033139 -0.005167 -0.000000 -0.032994 0.999120 0.025884 1.114300 0.006020 -0.025699 0.999652 0.000000 0.000000 0.000000 0.000000 1.000000
0.999485 0.029992 -0.011399 0.000000 -0.029747 0.999335 0.021108 1.114300 0.012024 -0.020758 0.999712 -0.000000 0.000000 0.000000 0.000000 1.000000
0.999651 0.017169 -0.020092 0.000000 -0.016971 0.999806 0.009982 1.114300 0.020259 -0.009638 0.999748 0.000000 0.000000 0.000000 0.000000 1.000000</float_array>
        <technique_common>
          <accessor source="#mixamorig_Neck-Matrix-animation-output-transform-array" count="30" stride="16">
            <param type="float4x4"/>
          </accessor>
        </technique_common>
      </source>
      <source id="mixamorig_Neck-Interpolations">
        <Name_array id="mixamorig_Neck-Interpolations-array" count="30">
 LINEAR LINEAR LINEAR LINEAR LINEAR LINEAR LINEAR LINEAR LINEAR LINEAR LINEAR
LINEAR LINEAR LINEAR LINEAR LINEAR LINEAR LINEAR LINEAR LINEAR LINEAR LINEAR LINEAR
LINEAR LINEAR LINEAR LINEAR LINEAR LINEAR LINEAR</Name_array>
        <technique_common>
          <accessor source="#mixamorig_Neck-Interpolations-array" count="30">
            <param type="name"/>
          </accessor>
        </technique_common>
      </source>
      <sampler id="mixamorig_Neck-Matrix-animation-transform">
        <input semantic="INPUT" source="#mixamorig_Neck-Matrix-animation-input"/>
        <input semantic="OUTPUT" source="#mixamorig_Neck-Matrix-animation-output-transform"/>
        <input semantic="INTERPOLATION" source="#mixamorig_Neck-Interpolations"/>
      </sampler>
      <channel source="#mixamorig_Neck-Matrix-animation-transform" target="mixamorig_Neck/matrix"/>
    </animation>
    <animation id="mixamorig_Head-anim" name="mixamorig_Head">
      <source id="mixamorig_Head-Matrix-animation-input">
        <float_array id="mixamorig_Head-Matrix-animation-input-array" count="30">

0.000000 0.033333 0.066667 0.100000 0.133333 0.166667 0.200000 0.233333 0.266667 0.300000 0.333333 0.366667 0.400000 0.433333 0.466667 0.500000
0.533333 0.566667 0.600000 0.633333 0.666667 0.700000 0.733333 0.766667 0.800000 0.833333 0.866667 0.900000 0.933333 0.966667</float_array>
        <technique_common>
          <accessor source="#mixamorig_Head-Matrix-animation-input-array" count="30">
            <param name="TIME" type="float"/>
          </accessor>
        </technique_common>
      </source>
      <source id="mixamorig_Head-Matrix-animation-output-transform">
        <float_array id="mixamorig_Head-Matrix-animation-output-transform-array" count="480">

0.997739 -0.005402 -0.066997 0.000000 0.006991 0.999699 0.023496 1.381900 0.066850 -0.023911 0.997476 -0.275300 0.000000 0.000000 0.000000 1.000000
0.997133 -0.014698 -0.074225 -0.000000 0.015232 0.999862 0.006634 1.381900 0.074117 -0.007745 0.997219 -0.275300 0.000000 0.000000 0.000000 1.000000
0.996778 -0.016717 -0.078449 0.000000 0.016540 0.999859 -0.002910 1.381900 0.078486 0.001603 0.996914 -0.275300 0.000000 0.000000 0.000000 1.000000
0.997361 -0.013776 -0.071277 0.000000 0.013481 0.999898 -0.004614 1.381900 0.071334 0.003640 0.997446 -0.275300 0.000000 0.000000 0.000000 1.000000
0.997983 -0.007778 -0.062996 0.000000 0.007746 0.999970 -0.000751 1.381900 0.063000 0.000262 0.998014 -0.275300 0.000000 0.000000 0.000000 1.000000
0.998450 -0.001014 -0.055649 0.000000 0.001473 0.999965 0.008198 1.381900 0.055639 -0.008268 0.998417 -0.275300 0.000000 0.000000 0.000000 1.000000
0.998653 0.008668 -0.051160 0.000000 -0.007715 0.999793 0.018810 1.381900 0.051313 -0.018390 0.998513 -0.275300 0.000000 0.000000 0.000000 1.000000
0.998745 0.018962 -0.046357 -0.000000 -0.018217 0.999699 0.016442 1.381900 0.046655 -0.015577 0.998790 -0.275300 0.000000 0.000000 0.000000 1.000000
0.998765 0.025933 -0.042384 -0.000000 -0.025758 0.999657 0.004687 1.381900 0.042491 -0.003589 0.999090 -0.275300 0.000000 0.000000 0.000000 1.000000
0.998939 0.022368 -0.040254 0.000000 -0.022763 0.999697 -0.009374 1.381900 0.040032 0.010281 0.999146 -0.275300 0.000000 0.000000 0.000000 1.000000
0.999106 0.017086 -0.038668 -0.000000 -0.017586 0.999766 -0.012608 1.381900 0.038443 0.013277 0.999173 -0.275300 0.000000 0.000000 0.000000 1.000000
0.999299 0.010978 -0.035798 -0.000000 -0.010994 0.999940 -0.000265 1.381900 0.035793 0.000658 0.999359 -0.275300 0.000000 0.000000 0.000000 1.000000
0.999393 0.004343 -0.034556 -0.000000 -0.003813 0.999875 0.015376 1.381900 0.034618 -0.015235 0.999284 -0.275300 0.000000 0.000000 0.000000 1.000000
0.999565 0.005218 -0.029040 0.000000 -0.004422 0.999614 0.027420 1.381900 0.029172 -0.027280 0.999202 -0.275300 0.000000 0.000000 0.000000 1.000000
0.999840 0.014446 -0.010534 -0.000000 -0.014092 0.999357 0.032967 1.381900 0.011004 -0.032813 0.999401 -0.275300 0.000000 0.000000 0.000000 1.000000
0.999685 0.022379 0.011401 0.000000 -0.022738 0.999216 0.032394 1.381900 -0.010667 -0.032643 0.999410 -0.275300 0.000000 0.000000 0.000000 1.000000
0.999347 0.024340 0.026703 0.000000 -0.025042 0.999341 0.026286 1.381900 -0.026046 -0.026937 0.999298 -0.275300 0.000000 0.000000 0.000000 1.000000
0.999236 0.022042 0.032273 0.000000 -0.022816 0.999456 0.023825 1.381900 -0.031730 -0.024543 0.999195 -0.275300 0.000000 0.000000 0.000000 1.000000
0.999407 0.017363 0.029741 -0.000000 -0.018162 0.999476 0.026788 1.381900 -0.029261 -0.027312 0.999199 -0.275300 0.000000 0.000000 0.000000 1.000000
0.999616 0.014396 0.023694 0.000000 -0.015265 0.999203 0.036884 1.381900 -0.023144 -0.037232 0.999039 -0.275300 0.000000 0.000000 0.000000 1.000000
0.999763 0.011704 0.018369 0.000000 -0.012483 0.999001 0.042898 1.381900 -0.017849 -0.043117 0.998911 -0.275300 0.000000 0.000000 0.000000 1.000000
0.999917 0.006938 0.010828 -0.000000 -0.007361 0.999191 0.039528 1.381900 -0.010545 -0.039604 0.999160 -0.275300 0.000000 0.000000 0.000000 1.000000
0.999978 0.003281 0.005840 -0.000000 -0.003452 0.999561 0.029418 1.381900 -0.005740 -0.029438 0.999550 -0.275300 0.000000 0.000000 0.000000 1.000000
0.999973 0.001334 0.007247 0.000000 -0.001429 0.999912 0.013168 1.381900 -0.007229 -0.013178 0.999887 -0.275300 0.000000 0.000000 0.000000 1.000000
0.999971 0.005869 0.004864 0.000000 -0.005863 0.999982 -0.001285 1.381900 -0.004871 0.001256 0.999987 -0.275300 0.000000 0.000000 0.000000 1.000000
0.999857 0.016572 0.003437 0.000000 -0.016579 0.999861 0.001981 1.381900 -0.003404 -0.002038 0.999992 -0.275300 0.000000 0.000000 0.000000 1.000000
0.999717 0.023529 -0.003611 0.000000 -0.023483 0.999649 0.012286 1.381900 0.003899 -0.012197 0.999918 -0.275300 0.000000 0.000000 0.000000 1.000000
0.999628 0.021981 -0.016146 -0.000000 -0.021667 0.999577 0.019388 1.381900 0.016565 -0.019031 0.999682 -0.275300 0.000000 0.000000 0.000000 1.000000
0.999041 0.008367 -0.042982 0.000000 -0.007396 0.999715 0.022699 1.381900 0.043160 -0.022360 0.998818 -0.275300 0.000000 0.000000 0.000000 1.000000
0.997739 -0.005402 -0.066997 0.000000 0.006991 0.999699 0.023496 1.381900 0.066850 -0.023911 0.997476 -0.275300 0.000000 0.000000 0.000000 1.000000</float_array>
        <technique_common>
          <accessor source="#mixamorig_Head-Matrix-animation-output-transform-array" count="30" stride="16">
            <param type="float4x4"/>
          </accessor>
        </technique_common>
      </source>
      <source id="mixamorig_Head-Interpolations">
        <Name_array id="mixamorig_Head-Interpolations-array" count="30">
 LINEAR LINEAR LINEAR LINEAR LINEAR LINEAR LINEAR LINEAR LINEAR LINEAR LINEAR
LINEAR LINEAR LINEAR LINEAR LINEAR LINEAR LINEAR LINEAR LINEAR LINEAR LINEAR LINEAR
LINEAR LINEAR LINEAR LINEAR LINEAR LINEAR LINEAR</Name_array>
        <technique_common>
          <accessor source="#mixamorig_Head-Interpolations-array" count="30">
            <param type="name"/>
          </accessor>
        </technique_common>
      </source>
      <sampler id="mixamorig_Head-Matrix-animation-transform">
        <input semantic="INPUT" source="#mixamorig_Head-Matrix-animation-input"/>
        <input semantic="OUTPUT" source="#mixamorig_Head-Matrix-animation-output-transform"/>
        <input semantic="INTERPOLATION" source="#mixamorig_Head-Interpolations"/>
      </sampler>
      <channel source="#mixamorig_Head-Matrix-animation-transform" target="mixamorig_Head/matrix"/>
    </animation>
