<?xml version="1.0" encoding="utf-8"?>
<COLLADA xmlns="http://www.collada.org/2005/11/COLLADASchema" version="1.4.1">
  <asset>
    <contributor>
      <author>Mixamo</author>
      <authoring_tool>COLLADA Mixamo exporter</authoring_tool>
      <comments/>
    </contributor>
    <created>2022-11-08T05:03:48Z</created>
    <modified>2022-11-08T05:03:48Z</modified>
    <revision/>
    <title/>
    <unit meter="0.010000"/>
    <up_axis>Y_UP</up_axis>
  </asset>
  <library_animations>
    <animation id="mixamorig_Hips-anim" name="mixamorig_Hips">
      <source id="mixamorig_Hips-Matrix-animation-input">
        <float_array id="mixamorig_Hips-Matrix-animation-input-array" count="299">

0.000000 0.033333 0.066667 0.100000 0.133333 0.166667 0.200000 0.233333 0.266667 0.300000 0.333333 0.366667 0.400000 0.433333 0.466667 0.500000
0.533333 0.566667 0.600000 0.633333 0.666667 0.700000 0.733333 0.766667 0.800000 0.833333 0.866667 0.900000 0.933333 0.966667 1.000000 1.033333
1.066667 1.100000 1.133333 1.166667 1.200000 1.233333 1.266667 1.300000 1.333333 1.366667 1.400000 1.433333 1.466667 1.500000 1.533333 1.566667
1.600000 1.633333 1.666667 1.700000 1.733333 1.766667 1.800000 1.833333 1.866667 1.900000 1.933333 1.966667 2.000000 2.033333 2.066667 2.100000
2.133333 2.166667 2.200000 2.233333 2.266667 2.300000 2.333333 2.366667 2.400000 2.433333 2.466667 2.500000 2.533333 2.566667 2.600000 2.633333
2.666667 2.700000 2.733333 2.766667 2.800000 2.833333 2.866667 2.900000 2.933333 2.966667 3.000000 3.033333 3.066667 3.100000 3.133333 3.166667
3.200000 3.233333 3.266667 3.300000 3.333333 3.366667 3.400000 3.433333 3.466667 3.500000 3.533333 3.566667 3.600000 3.633333 3.666667 3.700000
3.733333 3.766667 3.800000 3.833333 3.866667 3.900000 3.933333 3.966667 4.000000 4.033333 4.066667 4.100000 4.133333 4.166667 4.200000 4.233333
4.266667 4.300000 4.333333 4.366667 4.400000 4.433333 4.466667 4.500000 4.533333 4.566667 4.600000 4.633333 4.666667 4.700000 4.733333 4.766667
4.800000 4.833333 4.866667 4.900000 4.933333 4.966667 5.000000 5.033333 5.066667 5.100000 5.133333 5.166667 5.200000 5.233333 5.266667 5.300000
5.333333 5.366667 5.400000 5.433333 5.466667 5.500000 5.533333 5.566667 5.600000 5.633333 5.666667 5.700000 5.733333 5.766667 5.800000 5.833333
5.866667 5.900000 5.933333 5.966667 6.000000 6.033333 6.066667 6.100000 6.133333 6.166667 6.200000 6.233333 6.266667 6.300000 6.333333 6.366667
6.400000 6.433333 6.466667 6.500000 6.533333 6.566667 6.600000 6.633333 6.666667 6.700000 6.733333 6.766667 6.800000 6.833333 6.866667 6.900000
6.933333 6.966667 7.000000 7.033333 7.066667 7.100000 7.133333 7.166667 7.200000 7.233333 7.266667 7.300000 7.333333 7.366667 7.400000 7.433333
7.466667 7.500000 7.533333 7.566667 7.600000 7.633333 7.666667 7.700000 7.733333 7.766667 7.800000 7.833333 7.866667 7.900000 7.933333 7.966667
8.000000 8.033333 8.066667 8.100000 8.133333 8.166667 8.200000 8.233333 8.266667 8.300000 8.333333 8.366667 8.400000 8.433333 8.466667 8.500000
8.533333 8.566667 8.600000 8.633333 8.666667 8.700000 8.733333 8.766667 8.800000 8.833333 8.866667 8.900000 8.933333 8.966667 9.000000 9.033333
9.066667 9.100000 9.133333 9.166667 9.200000 9.233333 9.266667 9.300000 9.333333 9.366667 9.400000 9.433333 9.466667 9.500000 9.533333 9.566667
9.600000 9.633333 9.666667 9.700000 9.733333 9.766667 9.800000 9.833333 9.866667 9.900000 9.933333</float_array>
        <technique_common>
          <accessor source="#mixamorig_Hips-Matrix-animation-input-array" count="299">
            <param name="TIME" type="float"/>
          </accessor>
        </technique_common>
      </source>
      <source id="mixamorig_Hips-Matrix-animation-output-transform">
        <float_array id="mixamorig_Hips-Matrix-animation-output-transform-array" count="4784">

0.999812 0.019265 -0.002059 0.016401 -0.019203 0.999464 0.026520 7.209274 0.002569 -0.026476 0.999646 0.052977 0.000000 0.000000 0.000000 1.000000
0.999780 0.020820 -0.002341 0.029235 -0.020750 0.999422 0.026942 7.207162 0.002901 -0.026888 0.999634 0.050389 0.000000 0.000000 0.000000 1.000000
0.999750 0.022242 -0.002431 0.041653 -0.022167 0.999378 0.027425 7.205400 0.003040 -0.027364 0.999621 0.049543 0.000000 0.000000 0.000000 1.000000
0.999729 0.023197 -0.002024 0.052687 -0.023131 0.999334 0.028214 7.204678 0.002677 -0.028160 0.999600 0.053489 0.000000 0.000000 0.000000 1.000000
0.999711 0.023988 -0.001494 0.062851 -0.023934 0.999288 0.029178 7.203574 0.002192 -0.029134 0.999573 0.057495 0.000000 0.000000 0.000000 1.000000
0.999691 0.024825 -0.000812 0.072240 -0.024789 0.999236 0.030205 7.201517 0.001562 -0.030176 0.999543 0.061384 0.000000 0.000000 0.000000 1.000000
0.999666 0.025857 -0.000014 0.080884 -0.025844 0.999179 0.031202 7.198310 0.000821 -0.031191 0.999513 0.065015 0.000000 0.000000 0.000000 1.000000
0.999633 0.027090 0.000814 0.088746 -0.027102 0.999116 0.032132 7.194105 0.000058 -0.032142 0.999483 0.068341 0.000000 0.000000 0.000000 1.000000
0.999596 0.028395 0.001581 0.095745 -0.028432 0.999051 0.033000 7.189234 -0.000643 -0.033031 0.999454 0.071401 0.000000 0.000000 0.000000 1.000000
0.999559 0.029596 0.002246 0.101787 -0.029655 0.998988 0.033806 7.184017 -0.001243 -0.033858 0.999426 0.074250 0.000000 0.000000 0.000000 1.000000
0.999529 0.030562 0.002811 0.106776 -0.030641 0.998934 0.034524 7.178678 -0.001753 -0.034594 0.999400 0.076920 0.000000 0.000000 0.000000 1.000000
0.999506 0.031252 0.003288 0.110624 -0.031349 0.998891 0.035123 7.173331 -0.002186 -0.035209 0.999378 0.079407 0.000000 0.000000 0.000000 1.000000
0.999490 0.031717 0.003657 0.113311 -0.031827 0.998860 0.035590 7.168018 -0.002524 -0.035688 0.999360 0.081678 0.000000 0.000000 0.000000 1.000000
0.999479 0.032050 0.003863 0.114945 -0.032169 0.998836 0.035935 7.162733 -0.002706 -0.036040 0.999347 0.083683 0.000000 0.000000 0.000000 1.000000
0.999469 0.032343 0.003834 0.115770 -0.032460 0.998818 0.036178 7.157477 -0.002660 -0.036283 0.999338 0.085353 0.000000 0.000000 0.000000 1.000000
0.999461 0.032648 0.003529 0.116068 -0.032755 0.998802 0.036341 7.152150 -0.002339 -0.036437 0.999333 0.086594 0.000000 0.000000 0.000000 1.000000
0.999452 0.032981 0.002968 0.115944 -0.033067 0.998788 0.036455 7.147016 -0.001762 -0.036534 0.999331 0.087348 0.000000 0.000000 0.000000 1.000000
0.999442 0.033340 0.002240 0.115384 -0.033400 0.998773 0.036577 7.142420 -0.001018 -0.036631 0.999328 0.087610 0.000000 0.000000 0.000000 1.000000
0.999430 0.033737 0.001480 0.114365 -0.033768 0.998752 0.036791 7.138571 -0.000237 -0.036820 0.999322 0.087465 0.000000 0.000000 0.000000 1.000000
0.999415 0.034196 0.000802 0.112890 -0.034202 0.998723 0.037186 7.135534 0.000470 -0.037192 0.999308 0.087109 0.000000 0.000000 0.000000 1.000000
0.999396 0.034740 0.000261 0.110989 -0.034725 0.998681 0.037822 7.133204 0.001053 -0.037808 0.999284 0.086811 0.000000 0.000000 0.000000 1.000000
0.999374 0.035365 -0.000150 0.108679 -0.035332 0.998626 0.038705 7.131358 0.001518 -0.038675 0.999251 0.086815 0.000000 0.000000 0.000000 1.000000
0.999351 0.036029 -0.000468 0.105963 -0.035982 0.998560 0.039791 7.129665 0.001901 -0.039748 0.999208 0.087236 0.000000 0.000000 0.000000 1.000000
0.999328 0.036658 -0.000735 0.102831 -0.036598 0.998489 0.040992 7.127771 0.002237 -0.040937 0.999159 0.088007 0.000000 0.000000 0.000000 1.000000
0.999309 0.037161 -0.000998 0.099259 -0.037085 0.998421 0.042200 7.125462 0.002564 -0.042134 0.999109 0.088930 0.000000 0.000000 0.000000 1.000000
0.999297 0.037457 -0.001297 0.095223 -0.037366 0.998362 0.043333 7.122849 0.002918 -0.043254 0.999060 0.089801 0.000000 0.000000 0.000000 1.000000
0.999294 0.037525 -0.001647 0.090702 -0.037415 0.998313 0.044388 7.120328 0.003310 -0.044295 0.999013 0.090539 0.000000 0.000000 0.000000 1.000000
0.999298 0.037410 -0.002026 0.085704 -0.037279 0.998272 0.045432 7.118330 0.003722 -0.045325 0.998965 0.091194 0.000000 0.000000 0.000000 1.000000
0.999305 0.037205 -0.002386 0.080262 -0.037054 0.998229 0.046546 7.117056 0.004114 -0.046425 0.998913 0.091857 0.000000 0.000000 0.000000 1.000000
0.999311 0.037011 -0.002678 0.074428 -0.036842 0.998180 0.047742 7.116363 0.004441 -0.047611 0.998856 0.092562 0.000000 0.000000 0.000000 1.000000
0.999315 0.036901 -0.002869 0.068248 -0.036717 0.998126 0.048949 7.115848 0.004670 -0.048810 0.998797 0.093248 0.000000 0.000000 0.000000 1.000000
0.999314 0.036903 -0.002958 0.061755 -0.036709 0.998071 0.050067 7.115091 0.004800 -0.049924 0.998742 0.093791 0.000000 0.000000 0.000000 1.000000
0.999311 0.036988 -0.002979 0.054948 -0.036788 0.998018 0.051051 7.113914 0.004861 -0.050906 0.998692 0.094075 0.000000 0.000000 0.000000 1.000000
0.999308 0.037076 -0.002983 0.047800 -0.036871 0.997969 0.051937 7.112466 0.004902 -0.051792 0.998646 0.094024 0.000000 0.000000 0.000000 1.000000
0.999308 0.037072 -0.003010 0.040273 -0.036862 0.997925 0.052800 7.111069 0.004961 -0.052653 0.998601 0.093612 0.000000 0.000000 0.000000 1.000000
0.999313 0.036920 -0.003069 0.032343 -0.036703 0.997883 0.053682 7.109972 0.005045 -0.053533 0.998553 0.092844 0.000000 0.000000 0.000000 1.000000
0.999324 0.036627 -0.003140 0.024044 -0.036401 0.997847 0.054563 7.109165 0.005132 -0.054412 0.998505 0.091751 0.000000 0.000000 0.000000 1.000000
0.999338 0.036242 -0.003186 0.015421 -0.036010 0.997817 0.055353 7.108504 0.005185 -0.055201 0.998462 0.090390 0.000000 0.000000 0.000000 1.000000
0.999354 0.035809 -0.003186 0.006471 -0.035575 0.997801 0.055926 7.108025 0.005182 -0.055776 0.998430 0.088850 0.000000 0.000000 0.000000 1.000000
0.999371 0.035333 -0.003152 -0.002796 -0.035101 0.997804 0.056173 7.107749 0.005130 -0.056027 0.998416 0.087185 0.000000 0.000000 0.000000 1.000000
0.999389 0.034804 -0.003119 -0.012389 -0.034574 0.997829 0.056050 7.107760 0.005063 -0.055908 0.998423 0.085406 0.000000 0.000000 0.000000 1.000000
0.999409 0.034237 -0.003107 -0.022290 -0.034011 0.997874 0.055599 7.108158 0.005004 -0.055460 0.998448 0.083465 0.000000 0.000000 0.000000 1.000000
0.999428 0.033687 -0.003102 -0.032476 -0.033466 0.997930 0.054923 7.108899 0.004946 -0.054788 0.998486 0.081278 0.000000 0.000000 0.000000 1.000000
0.999444 0.033200 -0.003070 -0.042920 -0.032985 0.997988 0.054141 7.109857 0.004861 -0.054010 0.998529 0.078750 0.000000 0.000000 0.000000 1.000000
0.999459 0.032751 -0.002997 -0.053619 -0.032545 0.998047 0.053327 7.110881 0.004738 -0.053201 0.998573 0.075804 0.000000 0.000000 0.000000 1.000000
0.999477 0.032217 -0.002913 -0.064620 -0.032020 0.998108 0.052487 7.111959 0.004599 -0.052367 0.998617 0.072394 0.000000 0.000000 0.000000 1.000000
0.999502 0.031433 -0.002868 -0.075975 -0.031244 0.998180 0.051577 7.113268 0.004484 -0.051462 0.998665 0.068530 0.000000 0.000000 0.000000 1.000000
0.999537 0.030304 -0.002864 -0.087719 -0.030120 0.998267 0.050563 7.115125 0.004391 -0.050454 0.998717 0.064312 0.000000 0.000000 0.000000 1.000000
0.999579 0.028887 -0.002797 -0.099820 -0.028713 0.998362 0.049487 7.117763 0.004222 -0.049386 0.998771 0.059942 0.000000 0.000000 0.000000 1.000000
0.999622 0.027375 -0.002478 -0.112187 -0.027223 0.998454 0.048465 7.121133 0.003801 -0.048380 0.998822 0.055675 0.000000 0.000000 0.000000 1.000000
0.999661 0.025978 -0.001740 -0.124724 -0.025866 0.998531 0.047616 7.124889 0.002975 -0.047555 0.998864 0.051693 0.000000 0.000000 0.000000 1.000000
0.999692 0.024807 -0.000567 -0.137382 -0.024753 0.998590 0.046967 7.128502 0.001732 -0.046938 0.998896 0.048048 0.000000 0.000000 0.000000 1.000000
0.999716 0.023834 0.000874 -0.150170 -0.023849 0.998637 0.046434 7.131670 0.000234 -0.046442 0.998921 0.044668 0.000000 0.000000 0.000000 1.000000
0.999734 0.022931 0.002327 -0.163136 -0.023014 0.998683 0.045865 7.134448 -0.001272 -0.045907 0.998945 0.041437 0.000000 0.000000 0.000000 1.000000
0.999752 0.021968 0.003593 -0.176315 -0.022108 0.998737 0.045111 7.137170 -0.002598 -0.045180 0.998975 0.038265 0.000000 0.000000 0.000000 1.000000
0.999771 0.020887 0.004606 -0.189721 -0.021070 0.998805 0.044099 7.140140 -0.003679 -0.044186 0.999017 0.035123 0.000000 0.000000 0.000000 1.000000
0.999791 0.019733 0.005397 -0.203377 -0.019947 0.998881 0.042872 7.143433 -0.004545 -0.042970 0.999066 0.032045 0.000000 0.000000 0.000000 1.000000
0.999809 0.018617 0.006002 -0.217338 -0.018851 0.998958 0.041574 7.146857 -0.005221 -0.041679 0.999117 0.029104 0.000000 0.000000 0.000000 1.000000
0.999824 0.017653 0.006404 -0.231610 -0.017898 0.999024 0.040389 7.150080 -0.005685 -0.040496 0.999164 0.026376 0.000000 0.000000 0.000000 1.000000
0.999836 0.016885 0.006563 -0.246130 -0.017131 0.999074 0.039460 7.152822 -0.005891 -0.039566 0.999200 0.023899 0.000000 0.000000 0.000000 1.000000
0.999847 0.016250 0.006486 -0.260853 -0.016490 0.999110 0.038835 7.154996 -0.005849 -0.038936 0.999225 0.021662 0.000000 0.000000 0.000000 1.000000
0.999859 0.015607 0.006255 -0.275801 -0.015836 0.999135 0.038461 7.156800 -0.005649 -0.038555 0.999241 0.019637 0.000000 0.000000 0.000000 1.000000
0.999872 0.014819 0.005984 -0.291010 -0.015038 0.999155 0.038244 7.158618 -0.005413 -0.038329 0.999251 0.017827 0.000000 0.000000 0.000000 1.000000
0.999888 0.013826 0.005741 -0.306495 -0.014035 0.999175 0.038113 7.160792 -0.005210 -0.038189 0.999257 0.016322 0.000000 0.000000 0.000000 1.000000
0.999905 0.012636 0.005516 -0.322224 -0.012837 0.999194 0.038043 7.163450 -0.005031 -0.038110 0.999261 0.015290 0.000000 0.000000 0.000000 1.000000
0.999923 0.011271 0.005275 -0.338170 -0.011464 0.999211 0.038022 7.166505 -0.004842 -0.038079 0.999263 0.014898 0.000000 0.000000 0.000000 1.000000
0.999940 0.009732 0.005046 -0.354308 -0.009917 0.999227 0.038031 7.169777 -0.004672 -0.038079 0.999264 0.015227 0.000000 0.000000 0.000000 1.000000
0.999956 0.008008 0.004956 -0.370623 -0.008191 0.999242 0.038062 7.173153 -0.004648 -0.038101 0.999263 0.016219 0.000000 0.000000 0.000000 1.000000
0.999968 0.006101 0.005169 -0.387088 -0.006294 0.999254 0.038114 7.176651 -0.004932 -0.038146 0.999260 0.017684 0.000000 0.000000 0.000000 1.000000
0.999975 0.004042 0.005768 -0.403670 -0.004260 0.999262 0.038184 7.180367 -0.005609 -0.038208 0.999254 0.019393 0.000000 0.000000 0.000000 1.000000
0.999976 0.001885 0.006690 -0.420332 -0.002140 0.999266 0.038249 7.184374 -0.006613 -0.038262 0.999246 0.021185 0.000000 0.000000 0.000000 1.000000
0.999970 -0.000315 0.007762 -0.437040 0.000018 0.999267 0.038292 7.188709 -0.007768 -0.038291 0.999236 0.023041 0.000000 0.000000 0.000000 1.000000
0.999958 -0.002525 0.008805 -0.453764 0.002186 0.999263 0.038318 7.193361 -0.008895 -0.038297 0.999227 0.025083 0.000000 0.000000 0.000000 1.000000
0.999942 -0.004745 0.009709 -0.470494 0.004370 0.999255 0.038343 7.198213 -0.009884 -0.038298 0.999217 0.027520 0.000000 0.000000 0.000000 1.000000
0.999921 -0.006972 0.010454 -0.487201 0.006566 0.999242 0.038375 7.202895 -0.010714 -0.038303 0.999209 0.030549 0.000000 0.000000 0.000000 1.000000
0.999897 -0.009173 0.011073 -0.503847 0.008742 0.999224 0.038415 7.206890 -0.011416 -0.038314 0.999201 0.034268 0.000000 0.000000 0.000000 1.000000
0.999869 -0.011310 0.011590 -0.520414 0.010856 0.999201 0.038460 7.209837 -0.012015 -0.038329 0.999193 0.038580 0.000000 0.000000 0.000000 1.000000
0.999839 -0.013341 0.011996 -0.536870 0.012871 0.999177 0.038469 7.211559 -0.012500 -0.038309 0.999188 0.043215 0.000000 0.000000 0.000000 1.000000
0.999808 -0.015288 0.012275 -0.553212 0.014807 0.999154 0.038367 7.212191 -0.012851 -0.038177 0.999188 0.047815 0.000000 0.000000 0.000000 1.000000
0.999774 -0.017237 0.012469 -0.569455 0.016750 0.999134 0.038091 7.212062 -0.013115 -0.037873 0.999196 0.052059 0.000000 0.000000 0.000000 1.000000
0.999733 -0.019290 0.012731 -0.585616 0.018798 0.999114 0.037650 7.211545 -0.013446 -0.037401 0.999210 0.055748 0.000000 0.000000 0.000000 1.000000
0.999681 -0.021497 0.013287 -0.601689 0.020990 0.999090 0.037121 7.210835 -0.014073 -0.036831 0.999222 0.058837 0.000000 0.000000 0.000000 1.000000
0.999613 -0.023843 0.014315 -0.617746 0.023305 0.999058 0.036614 7.209620 -0.015174 -0.036266 0.999227 0.061423 0.000000 0.000000 0.000000 1.000000
0.999531 -0.026214 0.015857 -0.633652 0.025626 0.999015 0.036223 7.207925 -0.016791 -0.035800 0.999218 0.063708 0.000000 0.000000 0.000000 1.000000
0.999436 -0.028478 0.017797 -0.649333 0.027823 0.998964 0.036010 7.205619 -0.018804 -0.035494 0.999193 0.065871 0.000000 0.000000 0.000000 1.000000
0.999335 -0.030514 0.019960 -0.664727 0.029782 0.998908 0.035998 7.202714 -0.021036 -0.035380 0.999153 0.068005 0.000000 0.000000 0.000000 1.000000
0.999234 -0.032225 0.022225 -0.679764 0.031408 0.998852 0.036183 7.199469 -0.023366 -0.035458 0.999098 0.070104 0.000000 0.000000 0.000000 1.000000
0.999134 -0.033613 0.024543 -0.694661 0.032704 0.998797 0.036538 7.196932 -0.025741 -0.035704 0.999031 0.072152 0.000000 0.000000 0.000000 1.000000
0.999039 -0.034603 0.026902 -0.709330 0.033598 0.998751 0.036977 7.195148 -0.028148 -0.036038 0.998954 0.073987 0.000000 0.000000 0.000000 1.000000
0.998955 -0.035096 0.029264 -0.723532 0.033993 0.998723 0.037372 7.193397 -0.030538 -0.036338 0.998873 0.075376 0.000000 0.000000 0.000000 1.000000
0.998886 -0.035121 0.031521 -0.737264 0.033928 0.998716 0.037616 7.191324 -0.032801 -0.036504 0.998795 0.076183 0.000000 0.000000 0.000000 1.000000
0.998833 -0.034765 0.033519 -0.750537 0.033498 0.998729 0.037653 7.188537 -0.034785 -0.036486 0.998729 0.076356 0.000000 0.000000 0.000000 1.000000
0.998800 -0.034145 0.035100 -0.763381 0.032826 0.998757 0.037504 7.184728 -0.036337 -0.036307 0.998680 0.075879 0.000000 0.000000 0.000000 1.000000
0.998789 -0.033361 0.036159 -0.775799 0.032012 0.998793 0.037256 7.179793 -0.037358 -0.036053 0.998651 0.074790 0.000000 0.000000 0.000000 1.000000
0.998799 -0.032476 0.036690 -0.787790 0.031118 0.998830 0.037015 7.173914 -0.037849 -0.035829 0.998641 0.073180 0.000000 0.000000 0.000000 1.000000
0.998826 -0.031505 0.036807 -0.799349 0.030147 0.998865 0.036877 7.167469 -0.037927 -0.035724 0.998642 0.071211 0.000000 0.000000 0.000000 1.000000
0.998863 -0.030435 0.036696 -0.810450 0.029080 0.998895 0.036911 7.160846 -0.037779 -0.035802 0.998645 0.069131 0.000000 0.000000 0.000000 1.000000
0.998903 -0.029262 0.036558 -0.821012 0.027903 0.998920 0.037159 7.154214 -0.037606 -0.036098 0.998640 0.067216 0.000000 0.000000 0.000000 1.000000
0.998939 -0.028009 0.036554 -0.830971 0.026632 0.998937 0.037618 7.147382 -0.037568 -0.036605 0.998623 0.065650 0.000000 0.000000 0.000000 1.000000
0.998966 -0.026736 0.036774 -0.840491 0.025328 0.998948 0.038238 7.140049 -0.037757 -0.037267 0.998592 0.064418 0.000000 0.000000 0.000000 1.000000
0.998981 -0.025515 0.037234 -0.849869 0.024063 0.998952 0.038941 7.131966 -0.038188 -0.038006 0.998548 0.063317 0.000000 0.000000 0.000000 1.000000
0.998984 -0.024402 0.037893 -0.858777 0.022897 0.998951 0.039667 7.123442 -0.038822 -0.038759 0.998494 0.062096 0.000000 0.000000 0.000000 1.000000
0.998977 -0.023417 0.038683 -0.865622 0.021852 0.998945 0.040394 7.115295 -0.039588 -0.039507 0.998435 0.060609 0.000000 0.000000 0.000000 1.000000
0.998964 -0.022551 0.039519 -0.868706 0.020923 0.998935 0.041127 7.108557 -0.040405 -0.040258 0.998372 0.058886 0.000000 0.000000 0.000000 1.000000
0.998950 -0.021795 0.040302 -0.868101 0.020105 0.998921 0.041874 7.104066 -0.041171 -0.041020 0.998310 0.057082 0.000000 0.000000 0.000000 1.000000
0.998939 -0.021134 0.040921 -0.865140 0.019387 0.998903 0.042619 7.102218 -0.041777 -0.041781 0.998253 0.055366 0.000000 0.000000 0.000000 1.000000
0.998937 -0.020549 0.041272 -0.860671 0.018758 0.998885 0.043324 7.103003 -0.042116 -0.042503 0.998208 0.053841 0.000000 0.000000 0.000000 1.000000
0.998947 -0.020000 0.041302 -0.854721 0.018183 0.998870 0.043921 7.105984 -0.042133 -0.043123 0.998181 0.052524 0.000000 0.000000 0.000000 1.000000
0.998969 -0.019421 0.041042 -0.847164 0.017598 0.998862 0.044330 7.110274 -0.041856 -0.043562 0.998174 0.051368 0.000000 0.000000 0.000000 1.000000
0.999000 -0.018727 0.040592 -0.838080 0.016917 0.998867 0.044470 7.114739 -0.041379 -0.043739 0.998186 0.050285 0.000000 0.000000 0.000000 1.000000
0.999038 -0.017863 0.040049 -0.827639 0.016087 0.998891 0.044258 7.118574 -0.040795 -0.043571 0.998217 0.049154 0.000000 0.000000 0.000000 1.000000
0.999079 -0.016860 0.039448 -0.815970 0.015136 0.998935 0.043594 7.121723 -0.040141 -0.042957 0.998270 0.047801 0.000000 0.000000 0.000000 1.000000
0.999123 -0.015845 0.038762 -0.803161 0.014199 0.999001 0.042361 7.124839 -0.039394 -0.041773 0.998350 0.045999 0.000000 0.000000 0.000000 1.000000
0.999167 -0.014992 0.037949 -0.789319 0.013454 0.999090 0.040465 7.128812 -0.038521 -0.039920 0.998460 0.043521 0.000000 0.000000 0.000000 1.000000
0.999211 -0.014424 0.037011 -0.774558 0.013019 0.999196 0.037931 7.134184 -0.037528 -0.037419 0.998595 0.040258 0.000000 0.000000 0.000000 1.000000
0.999253 -0.014142 0.035977 -0.758977 0.012883 0.999305 0.034969 7.140836 -0.036447 -0.034479 0.998741 0.036339 0.000000 0.000000 0.000000 1.000000
0.999295 -0.014018 0.034832 -0.742653 0.012907 0.999407 0.031921 7.148105 -0.035259 -0.031449 0.998883 0.032116 0.000000 0.000000 0.000000 1.000000
0.999343 -0.013888 0.033475 -0.725649 0.012915 0.999493 0.029113 7.155233 -0.033862 -0.028661 0.999015 0.028014 0.000000 0.000000 0.000000 1.000000
0.999402 -0.013629 0.031764 -0.708055 0.012783 0.999562 0.026709 7.160842 -0.032114 -0.026287 0.999138 0.024316 0.000000 0.000000 0.000000 1.000000
0.999474 -0.013212 0.029629 -0.689944 0.012482 0.999617 0.024691 7.165532 -0.029944 -0.024308 0.999256 0.021067 0.000000 0.000000 0.000000 1.000000
0.999550 -0.012742 0.027148 -0.671632 0.012120 0.999663 0.022941 7.170174 -0.027432 -0.022601 0.999368 0.018213 0.000000 0.000000 0.000000 1.000000
0.999623 -0.012239 0.024565 -0.653071 0.011716 0.999704 0.021325 7.174482 -0.024819 -0.021029 0.999471 0.015591 0.000000 0.000000 0.000000 1.000000
0.999685 -0.011739 0.022201 -0.634277 0.011300 0.999740 0.019785 7.178378 -0.022428 -0.019528 0.999558 0.013121 0.000000 0.000000 0.000000 1.000000
0.999729 -0.011263 0.020350 -0.615339 0.010890 0.999772 0.018343 7.182013 -0.020552 -0.018117 0.999625 0.010820 0.000000 0.000000 0.000000 1.000000
0.999758 -0.010795 0.019184 -0.596335 0.010469 0.999800 0.017028 7.185619 -0.019363 -0.016823 0.999671 0.008722 0.000000 0.000000 0.000000 1.000000
0.999772 -0.010315 0.018720 -0.577361 0.010020 0.999825 0.015769 7.189552 -0.018879 -0.015578 0.999700 0.006784 0.000000 0.000000 0.000000 1.000000
0.999774 -0.009830 0.018828 -0.558516 0.009560 0.999851 0.014379 7.194208 -0.018966 -0.014196 0.999719 0.004877 0.000000 0.000000 0.000000 1.000000
0.999771 -0.009336 0.019271 -0.539899 0.009093 0.999878 0.012672 7.199629 -0.019387 -0.012494 0.999734 0.002903 0.000000 0.000000 0.000000 1.000000
0.999766 -0.008767 0.019791 -0.521591 0.008558 0.999907 0.010625 7.205222 -0.019883 -0.010454 0.999748 0.000934 0.000000 0.000000 0.000000 1.000000
0.999763 -0.008013 0.020238 -0.503371 0.007843 0.999934 0.008430 7.211040 -0.020305 -0.008270 0.999760 -0.000690 0.000000 0.000000 0.000000 1.000000
0.999762 -0.007032 0.020639 -0.485164 0.006901 0.999956 0.006381 7.216416 -0.020683 -0.006237 0.999767 -0.001549 0.000000 0.000000 0.000000 1.000000
0.999759 -0.005934 0.021159 -0.466959 0.005836 0.999972 0.004690 7.220682 -0.021186 -0.004565 0.999765 -0.001315 0.000000 0.000000 0.000000 1.000000
0.999747 -0.004915 0.021935 -0.448785 0.004842 0.999983 0.003364 7.223462 -0.021951 -0.003257 0.999754 0.000116 0.000000 0.000000 0.000000 1.000000
0.999729 -0.004093 0.022901 -0.430634 0.004043 0.999989 0.002233 7.224811 -0.022910 -0.002140 0.999735 0.002605 0.000000 0.000000 0.000000 1.000000
0.999711 -0.003398 0.023785 -0.412420 0.003373 0.999994 0.001104 7.225208 -0.023789 -0.001023 0.999716 0.005868 0.000000 0.000000 0.000000 1.000000
0.999702 -0.002606 0.024277 -0.393998 0.002608 0.999997 -0.000063 7.225287 -0.024277 0.000127 0.999705 0.009640 0.000000 0.000000 0.000000 1.000000
0.999706 -0.001498 0.024212 -0.375227 0.001525 0.999998 -0.001101 7.225632 -0.024211 0.001137 0.999706 0.013755 0.000000 0.000000 0.000000 1.000000
0.999721 -0.000011 0.023628 -0.356025 0.000052 0.999998 -0.001752 7.226671 -0.023628 0.001753 0.999719 0.018093 0.000000 0.000000 0.000000 1.000000
0.999741 0.001729 0.022697 -0.336384 -0.001687 0.999997 -0.001847 7.228632 -0.022700 0.001808 0.999741 0.022492 0.000000 0.000000 0.000000 1.000000
0.999760 0.003495 0.021612 -0.316338 -0.003466 0.999993 -0.001392 7.231426 -0.021617 0.001317 0.999765 0.026725 0.000000 0.000000 0.000000 1.000000
0.999777 0.005106 0.020482 -0.295904 -0.005096 0.999987 -0.000548 7.234610 -0.020484 0.000444 0.999790 0.030561 0.000000 0.000000 0.000000 1.000000
0.999793 0.006529 0.019295 -0.275042 -0.006540 0.999979 0.000477 7.237588 -0.019292 -0.000604 0.999814 0.033830 0.000000 0.000000 0.000000 1.000000
0.999808 0.007879 0.017959 -0.253652 -0.007908 0.999968 0.001524 7.239939 -0.017946 -0.001666 0.999838 0.036436 0.000000 0.000000 0.000000 1.000000
0.999823 0.009303 0.016380 -0.231620 -0.009345 0.999953 0.002487 7.241626 -0.016356 -0.002640 0.999863 0.038320 0.000000 0.000000 0.000000 1.000000
0.999836 0.010875 0.014507 -0.208865 -0.010924 0.999935 0.003291 7.242913 -0.014470 -0.003449 0.999889 0.039426 0.000000 0.000000 0.000000 1.000000
0.999845 0.012601 0.012294 -0.185345 -0.012650 0.999912 0.003913 7.244049 -0.012244 -0.004068 0.999917 0.039738 0.000000 0.000000 0.000000 1.000000
0.999849 0.014450 0.009671 -0.161026 -0.014493 0.999885 0.004421 7.245052 -0.009606 -0.004560 0.999943 0.039271 0.000000 0.000000 0.000000 1.000000
0.999845 0.016359 0.006567 -0.135852 -0.016392 0.999853 0.004956 7.245718 -0.006485 -0.005063 0.999966 0.038025 0.000000 0.000000 0.000000 1.000000
0.999829 0.018228 0.002980 -0.109764 -0.018244 0.999817 0.005668 7.245778 -0.002876 -0.005722 0.999979 0.035943 0.000000 0.000000 0.000000 1.000000
0.999800 0.019957 -0.001002 -0.082781 -0.019950 0.999779 0.006663 7.245114 0.001134 -0.006642 0.999977 0.032923 0.000000 0.000000 0.000000 1.000000
0.999755 0.021506 -0.005223 -0.054898 -0.021464 0.999738 0.007981 7.243628 0.005393 -0.007867 0.999955 0.029016 0.000000 0.000000 0.000000 1.000000
0.999692 0.022923 -0.009510 -0.026226 -0.022831 0.999693 0.009596 7.241356 0.009727 -0.009376 0.999909 0.024378 0.000000 0.000000 0.000000 1.000000
0.999611 0.024289 -0.013713 0.003081 -0.024133 0.999643 0.011431 7.238376 0.013986 -0.011096 0.999841 0.019227 0.000000 0.000000 0.000000 1.000000
0.999513 0.025665 -0.017732 0.032854 -0.025430 0.999587 0.013362 7.234750 0.018067 -0.012905 0.999753 0.013710 0.000000 0.000000 0.000000 1.000000
0.999402 0.027064 -0.021531 0.062926 -0.026739 0.999526 0.015234 7.230569 0.021933 -0.014649 0.999652 0.007821 0.000000 0.000000 0.000000 1.000000
0.999278 0.028482 -0.025160 0.093118 -0.028062 0.999463 0.016901 7.225963 0.025628 -0.016183 0.999541 0.001429 0.000000 0.000000 0.000000 1.000000
0.999138 0.029952 -0.028734 0.123260 -0.029434 0.999399 0.018294 7.221093 0.029265 -0.017432 0.999420 -0.005558 0.000000 0.000000 0.000000 1.000000
0.998978 0.031550 -0.032366 0.153188 -0.030931 0.999332 0.019446 7.216103 0.032958 -0.018425 0.999287 -0.013086 0.000000 0.000000 0.000000 1.000000
0.998793 0.033350 -0.036071 0.182742 -0.032626 0.999258 0.020475 7.211034 0.036727 -0.019273 0.999139 -0.020959 0.000000 0.000000 0.000000 1.000000
0.998584 0.035370 -0.039743 0.211949 -0.034535 0.999172 0.021521 7.204866 0.040471 -0.020118 0.998978 -0.028999 0.000000 0.000000 0.000000 1.000000
0.998358 0.037592 -0.043219 0.240472 -0.036636 0.999071 0.022692 7.197971 0.044032 -0.021072 0.998808 -0.036972 0.000000 0.000000 0.000000 1.000000
0.998121 0.039974 -0.046434 0.268080 -0.038888 0.998954 0.024049 7.190243 0.047347 -0.022198 0.998632 -0.044766 0.000000 0.000000 0.000000 1.000000
0.997871 0.042463 -0.049507 0.294576 -0.041233 0.998821 0.025605 7.181418 0.050536 -0.023509 0.998446 -0.052290 0.000000 0.000000 0.000000 1.000000
0.997598 0.044968 -0.052682 0.319754 -0.043573 0.998676 0.027343 7.171517 0.053842 -0.024982 0.998237 -0.059453 0.000000 0.000000 0.000000 1.000000
0.997297 0.047359 -0.056184 0.343369 -0.045772 0.998525 0.029213 7.161039 0.057485 -0.026562 0.997993 -0.066198 0.000000 0.000000 0.000000 1.000000
0.996966 0.049503 -0.060065 0.365161 -0.047697 0.998376 0.031140 7.150666 0.061509 -0.028180 0.997709 -0.072492 0.000000 0.000000 0.000000 1.000000
0.996621 0.051308 -0.064136 0.384914 -0.049265 0.998239 0.033040 7.140474 0.065718 -0.029769 0.997394 -0.078263 0.000000 0.000000 0.000000 1.000000
0.996288 0.052748 -0.068033 0.402365 -0.050466 0.998118 0.034836 7.132309 0.069743 -0.031273 0.997075 -0.083373 0.000000 0.000000 0.000000 1.000000
0.995995 0.053833 -0.071380 0.417355 -0.051329 0.998016 0.036452 7.125957 0.073201 -0.032642 0.996783 -0.087612 0.000000 0.000000 0.000000 1.000000
0.995770 0.054575 -0.073924 0.429765 -0.051887 0.997937 0.037806 7.120757 0.075834 -0.033810 0.996547 -0.090788 0.000000 0.000000 0.000000 1.000000
0.995622 0.054959 -0.075601 0.439456 -0.052138 0.997886 0.038800 7.116151 0.077573 -0.034689 0.996383 -0.092830 0.000000 0.000000 0.000000 1.000000
0.995552 0.054958 -0.076522 0.446207 -0.052061 0.997868 0.039349 7.112053 0.078522 -0.035190 0.996291 -0.093842 0.000000 0.000000 0.000000 1.000000
0.995545 0.054565 -0.076894 0.449745 -0.051649 0.997887 0.039410 7.108822 0.078881 -0.035263 0.996260 -0.094072 0.000000 0.000000 0.000000 1.000000
0.995585 0.053816 -0.076906 0.449840 -0.050929 0.997940 0.039017 7.107005 0.078847 -0.034928 0.996275 -0.093805 0.000000 0.000000 0.000000 1.000000
0.995660 0.052771 -0.076654 0.446441 -0.049949 0.998018 0.038280 7.107055 0.078522 -0.034285 0.996323 -0.093264 0.000000 0.000000 0.000000 1.000000
0.995769 0.051481 -0.076119 0.439677 -0.048747 0.998113 0.037352 7.109181 0.077898 -0.033483 0.996399 -0.092556 0.000000 0.000000 0.000000 1.000000
0.995915 0.049953 -0.075225 0.429766 -0.047321 0.998217 0.036370 7.113302 0.076908 -0.032662 0.996503 -0.091680 0.000000 0.000000 0.000000 1.000000
0.996101 0.048158 -0.073920 0.416916 -0.045638 0.998330 0.035409 7.119130 0.075502 -0.031897 0.996635 -0.090578 0.000000 0.000000 0.000000 1.000000
0.996325 0.046073 -0.072211 0.401312 -0.043673 0.998451 0.034472 7.126283 0.073687 -0.031192 0.996794 -0.089177 0.000000 0.000000 0.000000 1.000000
0.996577 0.043741 -0.070153 0.383159 -0.041469 0.998577 0.033520 7.134334 0.071520 -0.030496 0.996973 -0.087430 0.000000 0.000000 0.000000 1.000000
0.996841 0.041284 -0.067849 0.362705 -0.039149 0.998705 0.032495 7.142801 0.069103 -0.029736 0.997166 -0.085347 0.000000 0.000000 0.000000 1.000000
0.997098 0.038868 -0.065463 0.340226 -0.036877 0.998828 0.031355 7.151151 0.066605 -0.028850 0.997362 -0.082980 0.000000 0.000000 0.000000 1.000000
0.997327 0.036631 -0.063219 0.315969 -0.034782 0.998942 0.030098 7.158893 0.064254 -0.027819 0.997546 -0.080376 0.000000 0.000000 0.000000 1.000000
0.997516 0.034618 -0.061345 0.290144 -0.032901 0.999044 0.028781 7.165688 0.062282 -0.026691 0.997702 -0.077509 0.000000 0.000000 0.000000 1.000000
0.997660 0.032796 -0.059998 0.262898 -0.031192 0.999135 0.027487 7.171455 0.060847 -0.025551 0.997820 -0.074271 0.000000 0.000000 0.000000 1.000000
0.997761 0.031097 -0.059205 0.234373 -0.029583 0.999217 0.026280 7.176369 0.059976 -0.024469 0.997900 -0.070548 0.000000 0.000000 0.000000 1.000000
0.997832 0.029457 -0.058844 0.204704 -0.028016 0.999290 0.025174 7.180916 0.059544 -0.023471 0.997950 -0.066308 0.000000 0.000000 0.000000 1.000000
0.997890 0.027814 -0.058673 0.174049 -0.026434 0.999358 0.024173 7.185710 0.059308 -0.022571 0.997985 -0.061632 0.000000 0.000000 0.000000 1.000000
0.997952 0.026093 -0.058406 0.142573 -0.024767 0.999422 0.023305 7.191190 0.058981 -0.021811 0.998021 -0.056691 0.000000 0.000000 0.000000 1.000000
0.998032 0.024214 -0.057836 0.110730 -0.022938 0.999481 0.022629 7.196204 0.058354 -0.021258 0.998070 -0.051769 0.000000 0.000000 0.000000 1.000000
0.998136 0.022152 -0.056871 0.078484 -0.020918 0.999535 0.022200 7.201322 0.057336 -0.020969 0.998135 -0.046955 0.000000 0.000000 0.000000 1.000000
0.998255 0.019957 -0.055585 0.046040 -0.018756 0.999581 0.022043 7.205806 0.056002 -0.020962 0.998211 -0.042322 0.000000 0.000000 0.000000 1.000000
0.998375 0.017728 -0.054150 0.013616 -0.016550 0.999618 0.022132 7.209048 0.054522 -0.021199 0.998288 -0.037838 0.000000 0.000000 0.000000 1.000000
0.998487 0.015551 -0.052740 -0.018586 -0.014388 0.999646 0.022362 7.210889 0.053069 -0.021569 0.998358 -0.033392 0.000000 0.000000 0.000000 1.000000
0.998585 0.013431 -0.051449 -0.050394 -0.012282 0.999670 0.022574 7.211599 0.051735 -0.021910 0.998420 -0.028858 0.000000 0.000000 0.000000 1.000000
0.998672 0.011305 -0.050260 -0.081670 -0.010178 0.999692 0.022620 7.211698 0.050500 -0.022079 0.998480 -0.024121 0.000000 0.000000 0.000000 1.000000
0.998753 0.009108 -0.049081 -0.112276 -0.008014 0.999716 0.022446 7.211761 0.049271 -0.022025 0.998543 -0.019099 0.000000 0.000000 0.000000 1.000000
0.998834 0.006833 -0.047795 -0.142022 -0.005782 0.999739 0.022101 7.212167 0.047933 -0.021799 0.998613 -0.013783 0.000000 0.000000 0.000000 1.000000
0.998917 0.004526 -0.046309 -0.170644 -0.003525 0.999759 0.021680 7.212965 0.046396 -0.021493 0.998692 -0.008280 0.000000 0.000000 0.000000 1.000000
0.999003 0.002226 -0.044579 -0.197894 -0.001280 0.999773 0.021244 7.213939 0.044616 -0.021166 0.998780 -0.002843 0.000000 0.000000 0.000000 1.000000
0.999092 -0.000083 -0.042609 -0.223718 0.000970 0.999783 0.020790 7.214892 0.042598 -0.020812 0.998875 0.002195 0.000000 0.000000 0.000000 1.000000
0.999179 -0.002458 -0.040448 -0.248362 0.003280 0.999789 0.020265 7.215865 0.040390 -0.020381 0.998976 0.006510 0.000000 0.000000 0.000000 1.000000
0.999259 -0.004925 -0.038180 -0.272206 0.005678 0.999791 0.019636 7.217152 0.038075 -0.019838 0.999078 0.009900 0.000000 0.000000 0.000000 1.000000
0.999327 -0.007400 -0.035929 -0.295494 0.008085 0.999788 0.018954 7.219100 0.035781 -0.019232 0.999175 0.012339 0.000000 0.000000 0.000000 1.000000
0.999380 -0.009685 -0.033842 -0.318220 0.010310 0.999778 0.018360 7.221787 0.033657 -0.018698 0.999259 0.013962 0.000000 0.000000 0.000000 1.000000
0.999419 -0.011540 -0.032060 -0.340239 0.012122 0.999764 0.018008 7.224783 0.031845 -0.018386 0.999324 0.014985 0.000000 0.000000 0.000000 1.000000
0.999447 -0.012870 -0.030663 -0.361481 0.013425 0.999749 0.017951 7.227441 0.030424 -0.018353 0.999369 0.015634 0.000000 0.000000 0.000000 1.000000
0.999466 -0.013779 -0.029638 -0.382010 0.014320 0.999733 0.018109 7.229199 0.029381 -0.018524 0.999397 0.016060 0.000000 0.000000 0.000000 1.000000
0.999477 -0.014504 -0.028894 -0.401944 0.015038 0.999718 0.018356 7.229854 0.028619 -0.018781 0.999414 0.016322 0.000000 0.000000 0.000000 1.000000
0.999483 -0.015278 -0.028306 -0.421376 0.015809 0.999702 0.018628 7.229637 0.028013 -0.019065 0.999426 0.016388 0.000000 0.000000 0.000000 1.000000
0.999483 -0.016212 -0.027765 -0.440344 0.016742 0.999680 0.018948 7.228898 0.027449 -0.019403 0.999435 0.016138 0.000000 0.000000 0.000000 1.000000
0.999482 -0.017253 -0.027186 -0.458822 0.017783 0.999654 0.019364 7.227978 0.026842 -0.019837 0.999443 0.015371 0.000000 0.000000 0.000000 1.000000
0.999483 -0.018229 -0.026490 -0.476754 0.018759 0.999626 0.019877 7.227041 0.026118 -0.020363 0.999451 0.013842 0.000000 0.000000 0.000000 1.000000
0.999492 -0.018949 -0.025608 -0.494068 0.019475 0.999602 0.020430 7.226016 0.025211 -0.020918 0.999463 0.011344 0.000000 0.000000 0.000000 1.000000
0.999514 -0.019290 -0.024484 -0.510732 0.019805 0.999584 0.020944 7.224639 0.024069 -0.021419 0.999481 0.007814 0.000000 0.000000 0.000000 1.000000
0.999548 -0.019246 -0.023081 -0.526748 0.019740 0.999577 0.021375 7.222614 0.022660 -0.021821 0.999505 0.003373 0.000000 0.000000 0.000000 1.000000
0.999592 -0.018916 -0.021379 -0.542157 0.019381 0.999576 0.021747 7.219786 0.020958 -0.022153 0.999535 -0.001726 0.000000 0.000000 0.000000 1.000000
0.999642 -0.018460 -0.019361 -0.557014 0.018887 0.999576 0.022149 7.216242 0.018944 -0.022506 0.999567 -0.007211 0.000000 0.000000 0.000000 1.000000
0.999692 -0.018039 -0.017032 -0.571475 0.018423 0.999573 0.022674 7.211969 0.016616 -0.022981 0.999598 -0.012877 0.000000 0.000000 0.000000 1.000000
0.999739 -0.017716 -0.014422 -0.585501 0.018050 0.999564 0.023359 7.207498 0.014002 -0.023613 0.999623 -0.018594 0.000000 0.000000 0.000000 1.000000
0.999781 -0.017449 -0.011583 -0.599016 0.017725 0.999551 0.024154 7.203285 0.011156 -0.024354 0.999641 -0.024276 0.000000 0.000000 0.000000 1.000000
0.999817 -0.017128 -0.008537 -0.611974 0.017337 0.999538 0.024956 7.199575 0.008106 -0.025099 0.999652 -0.029842 0.000000 0.000000 0.000000 1.000000
0.999848 -0.016638 -0.005217 -0.624314 0.016766 0.999530 0.025680 7.196630 0.004787 -0.025764 0.999657 -0.035168 0.000000 0.000000 0.000000 1.000000
0.999872 -0.015931 -0.001463 -0.636015 0.015964 0.999526 0.026319 7.194554 0.001043 -0.026339 0.999653 -0.040094 0.000000 0.000000 0.000000 1.000000
0.999883 -0.015051 0.002888 -0.647094 0.014968 0.999525 0.026937 7.193021 -0.003292 -0.026891 0.999633 -0.044463 0.000000 0.000000 0.000000 1.000000
0.999869 -0.014107 0.007910 -0.657621 0.013883 0.999522 0.027630 7.191240 -0.008296 -0.027517 0.999587 -0.048161 0.000000 0.000000 0.000000 1.000000
0.999821 -0.013223 0.013520 -0.667674 0.012834 0.999512 0.028480 7.188341 -0.013890 -0.028301 0.999503 -0.051169 0.000000 0.000000 0.000000 1.000000
0.999732 -0.012505 0.019471 -0.677314 0.011927 0.999493 0.029521 7.183882 -0.019831 -0.029280 0.999375 -0.053567 0.000000 0.000000 0.000000 1.000000
0.999604 -0.012025 0.025430 -0.686572 0.011242 0.999465 0.030719 7.178217 -0.025786 -0.030421 0.999204 -0.055519 0.000000 0.000000 0.000000 1.000000
0.999446 -0.011806 0.031113 -0.695447 0.010811 0.999430 0.031966 7.172240 -0.031473 -0.031612 0.999005 -0.057244 0.000000 0.000000 0.000000 1.000000
0.999268 -0.011818 0.036389 -0.703904 0.010614 0.999396 0.033104 7.166775 -0.036758 -0.032694 0.998789 -0.058988 0.000000 0.000000 0.000000 1.000000
0.999075 -0.012003 0.041287 -0.711905 0.010601 0.999366 0.033992 7.162262 -0.041668 -0.033523 0.998569 -0.060979 0.000000 0.000000 0.000000 1.000000
0.998870 -0.012306 0.045900 -0.719437 0.010724 0.999345 0.034568 7.158662 -0.046295 -0.034036 0.998348 -0.063358 0.000000 0.000000 0.000000 1.000000
0.998654 -0.012703 0.050287 -0.726490 0.010956 0.999332 0.034867 7.155638 -0.050696 -0.034270 0.998126 -0.066118 0.000000 0.000000 0.000000 1.000000
0.998431 -0.013199 0.054427 -0.733089 0.011303 0.999324 0.034987 7.152914 -0.054851 -0.034317 0.997905 -0.069121 0.000000 0.000000 0.000000 1.000000
0.998207 -0.013782 0.058240 -0.739239 0.011754 0.999317 0.035020 7.150394 -0.058683 -0.034272 0.997688 -0.072159 0.000000 0.000000 0.000000 1.000000
0.997995 -0.014370 0.061646 -0.744911 0.012226 0.999312 0.035013 7.148102 -0.062107 -0.034189 0.997484 -0.075021 0.000000 0.000000 0.000000 1.000000
0.997799 -0.014811 0.064629 -0.750039 0.012569 0.999310 0.034953 7.146110 -0.065102 -0.034064 0.997297 -0.077559 0.000000 0.000000 0.000000 1.000000
0.997622 -0.014956 0.067278 -0.754549 0.012635 0.999315 0.034789 7.144500 -0.067752 -0.033856 0.997128 -0.079683 0.000000 0.000000 0.000000 1.000000
0.997454 -0.014758 0.069767 -0.758409 0.012374 0.999329 0.034481 7.143379 -0.070229 -0.033530 0.996967 -0.081296 0.000000 0.000000 0.000000 1.000000
0.997283 -0.014312 0.072264 -0.761680 0.011876 0.999350 0.034028 7.142902 -0.072704 -0.033077 0.996805 -0.082234 0.000000 0.000000 0.000000 1.000000
0.997100 -0.013792 0.074838 -0.764444 0.011312 0.999376 0.033462 7.143205 -0.075253 -0.032518 0.996634 -0.082285 0.000000 0.000000 0.000000 1.000000
0.996908 -0.013352 0.077434 -0.766686 0.010836 0.999402 0.032824 7.144364 -0.077826 -0.031884 0.996457 -0.081266 0.000000 0.000000 0.000000 1.000000
0.996714 -0.013051 0.079948 -0.768226 0.010507 0.999428 0.032157 7.146244 -0.080322 -0.031212 0.996280 -0.079072 0.000000 0.000000 0.000000 1.000000
