<?xml version="1.0" encoding="utf-8"?>
<COLLADA xmlns="http://www.collada.org/2005/11/COLLADASchema" version="1.4.1">
  <asset>
    <contributor>
      <author>Mixamo</author>
      <authoring_tool>COLLADA Mixamo exporter</authoring_tool>
      <comments/>
    </contributor>
    <created>2022-11-14T10:25:48Z</created>
    <modified>2022-11-14T10:25:48Z</modified>
    <revision/>
    <title/>
    <unit meter="0.010000"/>
    <up_axis>Y_UP</up_axis>
  </asset>
  <library_animations>
    <animation id="mixamorig_Hips-anim" name="mixamorig_Hips">
      <source id="mixamorig_Hips-Matrix-animation-input">
        <float_array id="mixamorig_Hips-Matrix-animation-input-array" count="72">

0.000000 0.033333 0.066667 0.100000 0.133333 0.166667 0.200000 0.233333 0.266667 0.300000 0.333333 0.366667 0.400000 0.433333 0.466667 0.500000
0.533333 0.566667 0.600000 0.633333 0.666667 0.700000 0.733333 0.766667 0.800000 0.833333 0.866667 0.900000 0.933333 0.966667 1.000000 1.033333
1.066667 1.100000 1.133333 1.166667 1.200000 1.233333 1.266667 1.300000 1.333333 1.366667 1.400000 1.433333 1.466667 1.500000 1.533333 1.566667
1.600000 1.633333 1.666667 1.700000 1.733333 1.766667 1.800000 1.833333 1.866667 1.900000 1.933333 1.966667 2.000000 2.033333 2.066667 2.100000
2.133333 2.166667 2.200000 2.233333 2.266667 2.300000 2.333333 2.366667</float_array>
        <technique_common>
          <accessor source="#mixamorig_Hips-Matrix-animation-input-array" count="72">
            <param name="TIME" type="float"/>
          </accessor>
        </technique_common>
      </source>
      <source id="mixamorig_Hips-Matrix-animation-output-transform">
        <float_array id="mixamorig_Hips-Matrix-animation-output-transform-array" count="1152">

0.959260 0.037918 0.279968 0.092538 -0.017444 0.997011 -0.075261 7.204723 -0.281985 0.067311 0.957055 0.105746 0.000000 0.000000 0.000000 1.000000
0.941058 0.072514 0.330381 0.116300 -0.043038 0.994481 -0.095685 7.215902 -0.335496 0.075827 0.938985 0.117470 0.000000 0.000000 0.000000 1.000000
0.930125 0.110348 0.350273 0.123621 -0.073866 0.990511 -0.115898 7.176690 -0.359738 0.081927 0.929449 0.128965 0.000000 0.000000 0.000000 1.000000
0.930451 0.148626 0.334920 0.146152 -0.109761 0.985123 -0.132232 7.042985 -0.349591 0.086274 0.932922 0.153989 0.000000 0.000000 0.000000 1.000000
0.943338 0.162183 0.289500 0.127197 -0.126019 0.982158 -0.139590 7.062337 -0.306974 0.095199 0.946945 0.166546 0.000000 0.000000 0.000000 1.000000
0.958678 0.178111 0.221842 0.132043 -0.149444 0.978803 -0.140040 7.070268 -0.242082 0.101101 0.964974 0.183390 0.000000 0.000000 0.000000 1.000000
0.976079 0.177184 0.126002 0.148632 -0.160941 0.978472 -0.129192 7.078620 -0.146180 0.105822 0.983582 0.199264 0.000000 0.000000 0.000000 1.000000
0.984454 0.172862 0.031118 0.185229 -0.168250 0.978966 -0.115405 7.066750 -0.050412 0.108375 0.992831 0.214227 0.000000 0.000000 0.000000 1.000000
0.986993 0.152783 -0.050023 0.246422 -0.156995 0.982988 -0.095327 7.058412 0.034608 0.101941 0.994188 0.215049 0.000000 0.000000 0.000000 1.000000
0.987118 0.111939 -0.114313 0.351448 -0.121015 0.989753 -0.075796 7.032406 0.104657 0.088654 0.990549 0.215968 0.000000 0.000000 0.000000 1.000000
0.987591 0.047019 -0.149841 0.481099 -0.057201 0.996284 -0.064384 6.993083 0.146257 0.072156 0.986612 0.217125 0.000000 0.000000 0.000000 1.000000
0.987714 -0.029061 -0.153544 0.630075 0.020235 0.998068 -0.058740 6.947418 0.154955 0.054912 0.986394 0.219156 0.000000 0.000000 0.000000 1.000000
0.985878 -0.100249 -0.134141 0.773601 0.093900 0.994177 -0.052865 6.914038 0.138660 0.039523 0.989551 0.222952 0.000000 0.000000 0.000000 1.000000
0.982246 -0.158542 -0.100283 0.887600 0.154426 0.986857 -0.047603 6.888983 0.106512 0.031271 0.993820 0.233076 0.000000 0.000000 0.000000 1.000000
0.977774 -0.204336 -0.046949 0.963882 0.202625 0.978490 -0.038736 6.865878 0.053854 0.028362 0.998146 0.245559 0.000000 0.000000 0.000000 1.000000
0.969848 -0.241765 0.030741 1.001213 0.242377 0.970016 -0.017964 6.844483 -0.025477 0.024873 0.999366 0.254250 0.000000 0.000000 0.000000 1.000000
0.955868 -0.268255 0.119810 1.000652 0.268767 0.963128 0.012174 6.816715 -0.118658 0.020564 0.992722 0.256493 0.000000 0.000000 0.000000 1.000000
0.936713 -0.279835 0.210383 0.967844 0.277195 0.959871 0.042560 6.789573 -0.213850 0.018451 0.976692 0.254173 0.000000 0.000000 0.000000 1.000000
0.910336 -0.277015 0.307492 0.913148 0.269357 0.960638 0.067988 6.770445 -0.314222 0.020933 0.949119 0.245040 0.000000 0.000000 0.000000 1.000000
0.876770 -0.256523 0.406780 0.841112 0.243590 0.966210 0.084280 6.762778 -0.414654 0.025193 0.909630 0.230601 0.000000 0.000000 0.000000 1.000000
0.843881 -0.217199 0.490600 0.756294 0.200444 0.975814 0.087229 6.755724 -0.497681 0.024727 0.867008 0.215740 0.000000 0.000000 0.000000 1.000000
0.822167 -0.162536 0.545549 0.659663 0.147963 0.986448 0.070906 6.745766 -0.549681 0.022424 0.835074 0.200046 0.000000 0.000000 0.000000 1.000000
0.816231 -0.091043 0.570507 0.546774 0.089296 0.995519 0.031111 6.748980 -0.570784 0.025550 0.820703 0.185103 0.000000 0.000000 0.000000 1.000000
0.819211 -0.005352 0.573467 0.406270 0.021898 0.999519 -0.021954 6.789126 -0.573074 0.030543 0.818934 0.173349 0.000000 0.000000 0.000000 1.000000
0.820682 0.077270 0.566137 0.260227 -0.046891 0.996580 -0.068047 6.857406 -0.569458 0.029298 0.821498 0.161431 0.000000 0.000000 0.000000 1.000000
0.820072 0.134880 0.556138 0.131454 -0.100004 0.990650 -0.092798 6.925107 -0.563454 0.020485 0.825893 0.141215 0.000000 0.000000 0.000000 1.000000
0.827712 0.167600 0.535540 0.040445 -0.133878 0.985777 -0.101587 6.959318 -0.544949 0.012388 0.838378 0.123534 0.000000 0.000000 0.000000 1.000000
0.853984 0.182604 0.487204 -0.025808 -0.150903 0.983068 -0.103947 6.980812 -0.497936 0.015249 0.867080 0.119004 0.000000 0.000000 0.000000 1.000000
0.896598 0.179369 0.404893 -0.076934 -0.152337 0.983425 -0.098325 7.015604 -0.415819 0.026478 0.909062 0.111670 0.000000 0.000000 0.000000 1.000000
0.939316 0.170712 0.297561 -0.098550 -0.151790 0.984685 -0.085760 7.046892 -0.307644 0.035389 0.950843 0.110021 0.000000 0.000000 0.000000 1.000000
0.969969 0.166255 0.177538 -0.099825 -0.156437 0.985342 -0.068037 7.080336 -0.186247 0.038221 0.981759 0.121339 0.000000 0.000000 0.000000 1.000000
0.986563 0.154604 0.052838 -0.105208 -0.152850 0.987601 -0.035780 7.111705 -0.057715 0.027223 0.997962 0.138727 0.000000 0.000000 0.000000 1.000000
0.988247 0.137592 -0.066599 -0.121435 -0.137983 0.990434 -0.001291 7.137320 0.065785 0.010465 0.997779 0.151333 0.000000 0.000000 0.000000 1.000000
0.977391 0.119304 -0.174565 -0.141675 -0.118767 0.992830 0.013558 7.148353 0.174931 0.007481 0.984552 0.155465 0.000000 0.000000 0.000000 1.000000
0.958171 0.094525 -0.270136 -0.167216 -0.094241 0.995450 0.014052 7.153618 0.270235 0.011994 0.962720 0.157548 0.000000 0.000000 0.000000 1.000000
0.935208 0.061266 -0.348757 -0.195779 -0.063481 0.997970 0.005087 7.150055 0.348361 0.017382 0.937199 0.156987 0.000000 0.000000 0.000000 1.000000
0.915705 0.021489 -0.401275 -0.213823 -0.030132 0.999430 -0.015240 7.142292 0.400719 0.026047 0.915831 0.142682 0.000000 0.000000 0.000000 1.000000
0.905643 -0.015000 -0.423775 -0.206307 -0.000781 0.999313 -0.037042 7.138187 0.424039 0.033878 0.905010 0.111735 0.000000 0.000000 0.000000 1.000000
0.909699 -0.049481 -0.412310 -0.184647 0.032611 0.998322 -0.047857 7.111639 0.413986 0.030089 0.909786 0.076831 0.000000 0.000000 0.000000 1.000000
0.928177 -0.077716 -0.363935 -0.161937 0.064239 0.996730 -0.049012 7.105207 0.366554 0.022113 0.930134 0.034769 0.000000 0.000000 0.000000 1.000000
0.953004 -0.102175 -0.285207 -0.148579 0.093044 0.994625 -0.045420 7.103264 0.288315 0.016749 0.957389 -0.004332 0.000000 0.000000 0.000000 1.000000
0.975143 -0.117136 -0.188082 -0.150986 0.111854 0.992979 -0.038491 7.084168 0.191270 0.016496 0.981399 -0.026247 0.000000 0.000000 0.000000 1.000000
0.989187 -0.118618 -0.086250 -0.174489 0.116487 0.992758 -0.029357 7.050272 0.089107 0.018992 0.995841 -0.030449 0.000000 0.000000 0.000000 1.000000
0.993972 -0.109048 0.011335 -0.225339 0.109304 0.993689 -0.025193 7.013124 -0.008516 0.026280 0.999618 -0.018881 0.000000 0.000000 0.000000 1.000000
0.991310 -0.086132 0.099430 -0.295629 0.089582 0.995504 -0.030759 7.003332 -0.096334 0.039399 0.994569 0.004226 0.000000 0.000000 0.000000 1.000000
0.984729 -0.048649 0.167161 -0.379992 0.056611 0.997462 -0.043194 7.007854 -0.164635 0.051997 0.984983 0.034757 0.000000 0.000000 0.000000 1.000000
0.980185 0.001326 0.198080 -0.478716 0.010753 0.998147 -0.059891 7.001557 -0.197793 0.060834 0.978354 0.060793 0.000000 0.000000 0.000000 1.000000
0.981469 0.058036 0.182621 -0.585601 -0.044270 0.995925 -0.078578 6.985959 -0.186438 0.069037 0.980038 0.075233 0.000000 0.000000 0.000000 1.000000
0.985175 0.113186 0.128912 -0.686233 -0.101585 0.990444 -0.093280 6.974212 -0.138238 0.078801 0.987259 0.083074 0.000000 0.000000 0.000000 1.000000
0.985030 0.161796 0.059489 -0.772875 -0.155550 0.982973 -0.097820 6.968735 -0.074302 0.087102 0.993425 0.090875 0.000000 0.000000 0.000000 1.000000
0.980424 0.196757 -0.007444 -0.852786 -0.196606 0.976207 -0.091464 6.940126 -0.010729 0.091137 0.995781 0.098351 0.000000 0.000000 0.000000 1.000000
0.972244 0.221812 -0.074443 -0.916012 -0.227434 0.970651 -0.078171 6.900424 0.054919 0.092932 0.994157 0.105188 0.000000 0.000000 0.000000 1.000000
0.960480 0.234664 -0.149701 -0.954656 -0.245549 0.967607 -0.058672 6.866185 0.131083 0.093113 0.986989 0.110763 0.000000 0.000000 0.000000 1.000000
0.942065 0.238477 -0.235885 -0.963365 -0.253292 0.966786 -0.034175 6.841083 0.219900 0.091943 0.971180 0.116885 0.000000 0.000000 0.000000 1.000000
0.912856 0.236382 -0.332893 -0.941487 -0.253321 0.967351 -0.007753 6.823009 0.320192 0.091406 0.942933 0.124626 0.000000 0.000000 0.000000 1.000000
0.873340 0.223212 -0.432958 -0.893010 -0.240550 0.970519 0.015127 6.805604 0.423571 0.090937 0.901287 0.136118 0.000000 0.000000 0.000000 1.000000
0.829519 0.196549 -0.522750 -0.818015 -0.211881 0.976802 0.031048 6.787696 0.516725 0.085006 0.851921 0.148389 0.000000 0.000000 0.000000 1.000000
0.786918 0.161730 -0.595487 -0.721829 -0.173880 0.984053 0.037486 6.768296 0.592053 0.074045 0.802490 0.155805 0.000000 0.000000 0.000000 1.000000
0.752091 0.122316 -0.647610 -0.602317 -0.134268 0.990456 0.031141 6.765403 0.645238 0.063532 0.761336 0.154331 0.000000 0.000000 0.000000 1.000000
0.734073 0.075436 -0.674867 -0.462067 -0.091477 0.995737 0.011800 6.802264 0.672880 0.053073 0.737845 0.146688 0.000000 0.000000 0.000000 1.000000
0.737013 0.019377 -0.675601 -0.326750 -0.039882 0.999094 -0.014852 6.840470 0.674701 0.037891 0.737118 0.129058 0.000000 0.000000 0.000000 1.000000
0.755906 -0.032939 -0.653851 -0.205716 0.007617 0.999108 -0.041526 6.884679 0.654636 0.026409 0.755483 0.106209 0.000000 0.000000 0.000000 1.000000
0.787435 -0.072944 -0.612067 -0.110535 0.044866 0.997122 -0.061112 6.932912 0.614763 0.020660 0.788441 0.085167 0.000000 0.000000 0.000000 1.000000
0.829317 -0.098142 -0.550093 -0.049587 0.071132 0.994988 -0.070279 6.978391 0.554233 0.019154 0.832141 0.066094 0.000000 0.000000 0.000000 1.000000
0.877711 -0.110259 -0.466333 -0.023133 0.087775 0.993696 -0.069740 7.022190 0.471083 0.020279 0.881856 0.051064 0.000000 0.000000 0.000000 1.000000
0.925978 -0.111736 -0.360667 -0.014767 0.095652 0.993469 -0.062203 7.082528 0.365262 0.023100 0.930618 0.040975 0.000000 0.000000 0.000000 1.000000
0.964973 -0.106649 -0.239692 -0.014092 0.096332 0.993862 -0.054386 7.144037 0.244021 0.029391 0.969324 0.036171 0.000000 0.000000 0.000000 1.000000
0.988826 -0.094563 -0.115243 -0.011717 0.089110 0.994684 -0.051598 7.185748 0.119510 0.040753 0.991996 0.038323 0.000000 0.000000 0.000000 1.000000
0.997257 -0.073921 0.003718 -0.000087 0.074014 0.996018 -0.049706 7.209536 -0.000029 0.049844 0.998757 0.053114 0.000000 0.000000 0.000000 1.000000
0.992835 -0.042048 0.111852 0.024161 0.047863 0.997611 -0.049817 7.215520 -0.109490 0.054814 0.992475 0.069605 0.000000 0.000000 0.000000 1.000000
0.978723 -0.001484 0.205179 0.057324 0.013838 0.998175 -0.058789 7.209569 -0.204717 0.060378 0.976957 0.088210 0.000000 0.000000 0.000000 1.000000
0.959260 0.037918 0.279968 0.092538 -0.017444 0.997011 -0.075261 7.204723 -0.281985 0.067311 0.957055 0.105746 0.000000 0.000000 0.000000 1.000000</float_array>
        <technique_common>
          <accessor source="#mixamorig_Hips-Matrix-animation-output-transform-array" count="72" stride="16">
            <param type="float4x4"/>
          </accessor>
        </technique_common>
      </source>
      <source id="mixamorig_Hips-Interpolations">
        <Name_array id="mixamorig_Hips-Interpolations-array" count="72">
 LINEAR LINEAR LINEAR LINEAR LINEAR LINEAR LINEAR LINEAR LINEAR LINEAR LINEAR
LINEAR LINEAR LINEAR LINEAR LINEAR LINEAR LINEAR LINEAR LINEAR LINEAR LINEAR LINEAR
LINEAR LINEAR LINEAR LINEAR LINEAR LINEAR LINEAR LINEAR LINEAR LINEAR LINEAR LINEAR
LINEAR LINEAR LINEAR LINEAR LINEAR LINEAR LINEAR LINEAR LINEAR LINEAR LINEAR LINEAR
LINEAR LINEAR LINEAR LINEAR LINEAR LINEAR LINEAR LINEAR LINEAR LINEAR LINEAR LINEAR
LINEAR LINEAR LINEAR LINEAR LINEAR LINEAR LINEAR LINEAR LINEAR LINEAR LINEAR LINEAR
LINEAR</Name_array>
        <technique_common>
          <accessor source="#mixamorig_Hips-Interpolations-array" count="72">
            <param type="name"/>
          </accessor>
        </technique_common>
      </source>
      <sampler id="mixamorig_Hips-Matrix-animation-transform">
        <input semantic="INPUT" source="#mixamorig_Hips-Matrix-animation-input"/>
        <input semantic="OUTPUT" source="#mixamorig_Hips-Matrix-animation-output-transform"/>
        <input semantic="INTERPOLATION" source="#mixamorig_Hips-Interpolations"/>
      </sampler>
      <channel source="#mixamorig_Hips-Matrix-animation-transform" target="mixamorig_Hips/matrix"/>
    </animation>
    <animation id="mixamorig_Spine-anim" name="mixamorig_Spine">
      <source id="mixamorig_Spine-Matrix-animation-input">
        <float_array id="mixamorig_Spine-Matrix-animation-input-array" count="72">

0.000000 0.033333 0.066667 0.100000 0.133333 0.166667 0.200000 0.233333 0.266667 0.300000 0.333333 0.366667 0.400000 0.433333 0.466667 0.500000
0.533333 0.566667 0.600000 0.633333 0.666667 0.700000 0.733333 0.766667 0.800000 0.833333 0.866667 0.900000 0.933333 0.966667 1.000000 1.033333
1.066667 1.100000 1.133333 1.166667 1.200000 1.233333 1.266667 1.300000 1.333333 1.366667 1.400000 1.433333 1.466667 1.500000 1.533333 1.566667
1.600000 1.633333 1.666667 1.700000 1.733333 1.766667 1.800000 1.833333 1.866667 1.900000 1.933333 1.966667 2.000000 2.033333 2.066667 2.100000
2.133333 2.166667 2.200000 2.233333 2.266667 2.300000 2.333333 2.366667</float_array>
        <technique_common>
          <accessor source="#mixamorig_Spine-Matrix-animation-input-array" count="72">
            <param name="TIME" type="float"/>
          </accessor>
        </technique_common>
      </source>
      <source id="mixamorig_Spine-Matrix-animation-output-transform">
        <float_array id="mixamorig_Spine-Matrix-animation-output-transform-array" count="1152">

0.985176 -0.011802 -0.171142 0.000000 0.047138 0.977852 0.203920 0.742000 0.164945 -0.208964 0.963912 -0.036200 0.000000 0.000000 0.000000 1.000000
0.982868 -0.000236 -0.184312 0.000000 0.043194 0.972446 0.229092 0.742000 0.179180 -0.233128 0.955796 -0.036200 0.000000 0.000000 0.000000 1.000000
0.983897 -0.017970 -0.177832 0.000000 0.061485 0.968241 0.242339 0.742000 0.167829 -0.249370 0.953755 -0.036200 0.000000 0.000000 0.000000 1.000000
0.987200 -0.053826 -0.150131 -0.000000 0.090568 0.964024 0.249910 0.742000 0.131278 -0.260308 0.956559 -0.036200 0.000000 0.000000 0.000000 1.000000
0.991849 -0.072486 -0.104796 0.000000 0.097532 0.961130 0.258296 0.742000 0.082000 -0.266411 0.960365 -0.036200 0.000000 0.000000 0.000000 1.000000
0.991391 -0.113170 -0.065855 0.000000 0.126741 0.955708 0.265630 0.742000 0.032877 -0.271690 0.961823 -0.036200 0.000000 0.000000 0.000000 1.000000
0.990479 -0.117680 -0.071435 -0.000000 0.132673 0.954456 0.267229 0.742000 0.036734 -0.274162 0.960982 -0.036200 0.000000 0.000000 0.000000 1.000000
0.989200 -0.132471 -0.062732 0.000000 0.144502 0.953094 0.265951 0.742000 0.024559 -0.272144 0.961943 -0.036200 0.000000 0.000000 0.000000 1.000000
0.983302 -0.181790 -0.008369 0.000000 0.177644 0.948863 0.260963 0.742000 -0.039500 -0.258092 0.965312 -0.036200 0.000000 0.000000 0.000000 1.000000
0.969886 -0.233795 0.068269 -0.000000 0.211481 0.947429 0.240111 0.742000 -0.120817 -0.218443 0.968342 -0.036200 0.000000 0.000000 0.000000 1.000000
0.956365 -0.249328 0.152321 0.000000 0.216524 0.954839 0.203469 0.742000 -0.196172 -0.161610 0.967160 -0.036200 0.000000 0.000000 0.000000 1.000000
0.945585 -0.239335 0.220425 0.000000 0.205370 0.964468 0.166207 0.742000 -0.252372 -0.111894 0.961139 -0.036200 0.000000 0.000000 0.000000 1.000000
0.938192 -0.227228 0.261080 -0.000000 0.194088 0.969949 0.146729 0.742000 -0.286575 -0.086987 0.954101 -0.036200 0.000000 0.000000 0.000000 1.000000
0.936636 -0.210599 0.279931 0.000000 0.175116 0.973584 0.146524 0.742000 -0.303394 -0.088219 0.948773 -0.036200 0.000000 0.000000 0.000000 1.000000
0.943189 -0.181701 0.278172 0.000000 0.145570 0.978573 0.145620 0.742000 -0.298671 -0.096854 0.949429 -0.036200 0.000000 0.000000 0.000000 1.000000
0.958037 -0.137060 0.251753 0.000000 0.107065 0.985813 0.129266 0.742000 -0.265898 -0.096888 0.959120 -0.036200 0.000000 0.000000 0.000000 1.000000
0.974934 -0.078163 0.208314 0.000000 0.058000 0.993173 0.101206 0.742000 -0.214802 -0.086586 0.972812 -0.036200 0.000000 0.000000 0.000000 1.000000
0.987789 -0.014320 0.155137 0.000000 0.003425 0.997522 0.070272 0.742000 -0.155759 -0.068883 0.985390 -0.036200 0.000000 0.000000 0.000000 1.000000
0.995220 0.042615 0.087874 0.000000 -0.046457 0.998031 0.042151 0.742000 -0.085905 -0.046032 0.995239 -0.036200 0.000000 0.000000 0.000000 1.000000
0.996821 0.078833 0.011515 -0.000000 -0.079096 0.996565 0.024533 0.742000 -0.009542 -0.025365 0.999633 -0.036200 0.000000 0.000000 0.000000 1.000000
0.994029 0.092787 -0.057421 0.000000 -0.091631 0.995540 0.022453 0.742000 0.059248 -0.017057 0.998098 -0.036200 0.000000 0.000000 0.000000 1.000000
0.989935 0.093966 -0.105825 0.000000 -0.090411 0.995182 0.037921 0.742000 0.108879 -0.027972 0.993661 -0.036200 0.000000 0.000000 0.000000 1.000000
0.987405 0.087426 -0.131864 -0.000000 -0.078404 0.994309 0.072132 0.742000 0.137419 -0.060885 0.988640 -0.036200 0.000000 0.000000 0.000000 1.000000
0.985471 0.080591 -0.149509 0.000000 -0.062663 0.990676 0.120977 0.742000 0.157865 -0.109850 0.981332 -0.036200 0.000000 0.000000 0.000000 1.000000
0.981486 0.087840 -0.170202 -0.000000 -0.058661 0.983791 0.169451 0.742000 0.182328 -0.156330 0.970730 -0.036200 0.000000 0.000000 0.000000 1.000000
0.976796 0.109691 -0.183947 0.000000 -0.074030 0.978871 0.190606 0.742000 0.200969 -0.172565 0.964278 -0.036200 0.000000 0.000000 0.000000 1.000000
0.976935 0.123948 -0.173880 0.000000 -0.090824 0.978157 0.186975 0.742000 0.193257 -0.166870 0.966854 -0.036200 0.000000 0.000000 0.000000 1.000000
0.983307 0.124262 -0.132912 0.000000 -0.097754 0.976884 0.190109 0.742000 0.153463 -0.173943 0.972724 -0.036200 0.000000 0.000000 0.000000 1.000000
0.991100 0.113154 -0.070123 0.000000 -0.096759 0.974112 0.204311 0.742000 0.091426 -0.195708 0.976391 -0.036200 0.000000 0.000000 0.000000 1.000000
0.997024 0.077090 -0.001108 0.000000 -0.075020 0.973358 0.216671 0.742000 0.017782 -0.215943 0.976244 -0.036200 0.000000 0.000000 0.000000 1.000000
0.997494 0.007987 0.070294 0.000000 -0.023521 0.974523 0.223052 0.742000 -0.066722 -0.224147 0.972269 -0.036200 0.000000 0.000000 0.000000 1.000000
0.987155 -0.061351 0.147513 0.000000 0.030156 0.978284 0.205063 0.742000 -0.156891 -0.197981 0.967569 -0.036200 0.000000 0.000000 0.000000 1.000000
0.968856 -0.109789 0.221957 -0.000000 0.072588 0.982884 0.169324 0.742000 -0.236748 -0.147939 0.960242 -0.036200 0.000000 0.000000 0.000000 1.000000
0.945498 -0.149202 0.289433 0.000000 0.110018 0.982952 0.147311 0.742000 -0.306478 -0.107439 0.945795 -0.036200 0.000000 0.000000 0.000000 1.000000
0.918011 -0.178122 0.354299 0.000000 0.138297 0.981156 0.134935 0.742000 -0.371657 -0.074874 0.925346 -0.036200 0.000000 0.000000 0.000000 1.000000
0.894153 -0.188996 0.405919 0.000000 0.149273 0.980514 0.127711 0.742000 -0.422146 -0.053601 0.904942 -0.036200 0.000000 0.000000 0.000000 1.000000
0.882871 -0.191114 0.428969 0.000000 0.146816 0.979985 0.134439 0.742000 -0.446077 -0.055713 0.893259 -0.036200 0.000000 0.000000 0.000000 1.000000
0.883325 -0.200072 0.423921 0.000000 0.152503 0.977799 0.143707 0.742000 -0.443261 -0.062291 0.894226 -0.036200 0.000000 0.000000 0.000000 1.000000
0.895257 -0.202248 0.397002 -0.000000 0.161601 0.977759 0.133690 0.742000 -0.415211 -0.055531 0.908029 -0.036200 0.000000 0.000000 0.000000 1.000000
0.916562 -0.192262 0.350642 -0.000000 0.161464 0.980114 0.115350 0.742000 -0.365847 -0.049110 0.929378 -0.036200 0.000000 0.000000 0.000000 1.000000
0.942620 -0.162388 0.291715 0.000000 0.137813 0.985083 0.103047 0.742000 -0.304097 -0.056932 0.950938 -0.036200 0.000000 0.000000 0.000000 1.000000
0.967481 -0.119457 0.222957 0.000000 0.100622 0.990470 0.094048 0.742000 -0.232067 -0.068555 0.970281 -0.036200 0.000000 0.000000 0.000000 1.000000
0.986886 -0.071023 0.144953 -0.000000 0.059163 0.994660 0.084560 0.742000 -0.150185 -0.074876 0.985818 -0.036200 0.000000 0.000000 0.000000 1.000000
0.998019 -0.014825 0.061146 0.000000 0.009401 0.996070 0.088065 0.742000 -0.062211 -0.087316 0.994236 -0.036200 0.000000 0.000000 0.000000 1.000000
0.998743 0.043186 -0.025438 -0.000000 -0.040040 0.992747 0.113355 0.742000 0.030148 -0.112194 0.993229 -0.036200 0.000000 0.000000 0.000000 1.000000
0.990066 0.091111 -0.107094 -0.000000 -0.074980 0.986433 0.146039 0.742000 0.118946 -0.136558 0.983465 -0.036200 0.000000 0.000000 0.000000 1.000000
0.978376 0.118133 -0.169779 -0.000000 -0.088514 0.981020 0.172528 0.742000 0.186937 -0.153770 0.970262 -0.036200 0.000000 0.000000 0.000000 1.000000
0.970118 0.125455 -0.207682 0.000000 -0.084245 0.976863 0.196574 0.742000 0.227538 -0.173204 0.958242 -0.036200 0.000000 0.000000 0.000000 1.000000
0.966372 0.121315 -0.226734 0.000000 -0.070044 0.972565 0.221837 0.742000 0.247426 -0.198496 0.948356 -0.036200 0.000000 0.000000 0.000000 1.000000
0.966419 0.106311 -0.233948 0.000000 -0.047653 0.968761 0.243375 0.742000 0.252513 -0.224054 0.941295 -0.036200 0.000000 0.000000 0.000000 1.000000
0.968570 0.088136 -0.232605 0.000000 -0.025323 0.965201 0.260278 0.742000 0.247451 -0.246208 0.937097 -0.036200 0.000000 0.000000 0.000000 1.000000
0.972989 0.066926 -0.220937 0.000000 -0.005037 0.962981 0.269521 0.742000 0.230796 -0.261128 0.937308 -0.036200 0.000000 0.000000 0.000000 1.000000
0.980159 0.041397 -0.193840 -0.000000 0.012861 0.962604 0.270608 0.742000 0.197794 -0.267732 0.942973 -0.036200 0.000000 0.000000 0.000000 1.000000
0.988742 0.000999 -0.149624 -0.000000 0.039195 0.963330 0.265441 0.742000 0.144403 -0.268317 0.952446 -0.036200 0.000000 0.000000 0.000000 1.000000
0.994407 -0.059664 -0.087155 0.000000 0.080281 0.963172 0.256621 0.742000 0.068634 -0.262182 0.962575 -0.036200 0.000000 0.000000 0.000000 1.000000
0.991840 -0.127327 -0.006388 0.000000 0.124996 0.961379 0.245208 0.742000 -0.025081 -0.244006 0.969449 -0.036200 0.000000 0.000000 0.000000 1.000000
0.979190 -0.183862 0.085915 0.000000 0.160320 0.960365 0.228026 0.742000 -0.124435 -0.209507 0.969857 -0.036200 0.000000 0.000000 0.000000 1.000000
0.959738 -0.219836 0.174857 0.000000 0.182736 0.961399 0.205717 0.742000 -0.213331 -0.165482 0.962863 -0.036200 0.000000 0.000000 0.000000 1.000000
0.939228 -0.236801 0.248549 0.000000 0.194488 0.963652 0.183163 0.742000 -0.282888 -0.123692 0.951144 -0.036200 0.000000 0.000000 0.000000 1.000000
0.922112 -0.238215 0.304897 0.000000 0.195564 0.966886 0.163972 0.742000 -0.333861 -0.091574 0.938164 -0.036200 0.000000 0.000000 0.000000 1.000000
0.911673 -0.233000 0.338471 0.000000 0.193280 0.970044 0.147166 0.742000 -0.362621 -0.068747 0.929397 -0.036200 0.000000 0.000000 0.000000 1.000000
0.907307 -0.239048 0.345905 -0.000000 0.202582 0.969412 0.138569 0.742000 -0.368449 -0.055651 0.927981 -0.036200 0.000000 0.000000 0.000000 1.000000
0.908193 -0.254472 0.332309 0.000000 0.222049 0.965945 0.132835 0.742000 -0.354795 -0.046851 0.933770 -0.036200 0.000000 0.000000 0.000000 1.000000
0.915032 -0.266980 0.302388 0.000000 0.238417 0.962630 0.128457 0.742000 -0.325383 -0.045447 0.944490 -0.036200 0.000000 0.000000 0.000000 1.000000
0.929834 -0.260525 0.259877 0.000000 0.234356 0.963738 0.127621 0.742000 -0.283702 -0.057763 0.957171 -0.036200 0.000000 0.000000 0.000000 1.000000
0.951457 -0.228900 0.205754 -0.000000 0.206155 0.970348 0.126194 0.742000 -0.228538 -0.077651 0.970433 -0.036200 0.000000 0.000000 0.000000 1.000000
0.973718 -0.178736 0.141159 -0.000000 0.161642 0.978958 0.124554 0.742000 -0.160451 -0.098463 0.982120 -0.036200 0.000000 0.000000 0.000000 1.000000
0.989624 -0.124952 0.070932 0.000000 0.115085 0.984899 0.129343 0.742000 -0.086022 -0.119838 0.989060 -0.036200 0.000000 0.000000 0.000000 1.000000
0.997059 -0.076609 -0.002008 0.000000 0.076154 0.987511 0.137921 0.742000 -0.008583 -0.137668 0.990441 -0.036200 0.000000 0.000000 0.000000 1.000000
0.996398 -0.042062 -0.073630 -0.000000 0.052836 0.987104 0.151107 0.742000 0.066325 -0.154453 0.985771 -0.036200 0.000000 0.000000 0.000000 1.000000
0.990729 -0.025081 -0.133518 -0.000000 0.048474 0.983381 0.174965 0.742000 0.126911 -0.179815 0.975479 -0.036200 0.000000 0.000000 0.000000 1.000000
0.985176 -0.011802 -0.171142 0.000000 0.047138 0.977852 0.203920 0.742000 0.164945 -0.208964 0.963912 -0.036200 0.000000 0.000000 0.000000 1.000000</float_array>
        <technique_common>
          <accessor source="#mixamorig_Spine-Matrix-animation-output-transform-array" count="72" stride="16">
            <param type="float4x4"/>
          </accessor>
        </technique_common>
      </source>
      <source id="mixamorig_Spine-Interpolations">
        <Name_array id="mixamorig_Spine-Interpolations-array" count="72">
 LINEAR LINEAR LINEAR LINEAR LINEAR LINEAR LINEAR LINEAR LINEAR LINEAR LINEAR
LINEAR LINEAR LINEAR LINEAR LINEAR LINEAR LINEAR LINEAR LINEAR LINEAR LINEAR LINEAR
LINEAR LINEAR LINEAR LINEAR LINEAR LINEAR LINEAR LINEAR LINEAR LINEAR LINEAR LINEAR
LINEAR LINEAR LINEAR LINEAR LINEAR LINEAR LINEAR LINEAR LINEAR LINEAR LINEAR LINEAR
LINEAR LINEAR LINEAR LINEAR LINEAR LINEAR LINEAR LINEAR LINEAR LINEAR LINEAR LINEAR
LINEAR LINEAR LINEAR LINEAR LINEAR LINEAR LINEAR LINEAR LINEAR LINEAR LINEAR LINEAR
LINEAR</Name_array>
        <technique_common>
          <accessor source="#mixamorig_Spine-Interpolations-array" count="72">
            <param type="name"/>
          </accessor>
        </technique_common>
      </source>
      <sampler id="mixamorig_Spine-Matrix-animation-transform">
        <input semantic="INPUT" source="#mixamorig_Spine-Matrix-animation-input"/>
        <input semantic="OUTPUT" source="#mixamorig_Spine-Matrix-animation-output-transform"/>
        <input semantic="INTERPOLATION" source="#mixamorig_Spine-Interpolations"/>
      </sampler>
      <channel source="#mixamorig_Spine-Matrix-animation-transform" target="mixamorig_Spine/matrix"/>
    </animation>
    <animation id="mixamorig_Spine1-anim" name="mixamorig_Spine1">
      <source id="mixamorig_Spine1-Matrix-animation-input">
        <float_array id="mixamorig_Spine1-Matrix-animation-input-array" count="72">

0.000000 0.033333 0.066667 0.100000 0.133333 0.166667 0.200000 0.233333 0.266667 0.300000 0.333333 0.366667 0.400000 0.433333 0.466667 0.500000
0.533333 0.566667 0.600000 0.633333 0.666667 0.700000 0.733333 0.766667 0.800000 0.833333 0.866667 0.900000 0.933333 0.966667 1.000000 1.033333
1.066667 1.100000 1.133333 1.166667 1.200000 1.233333 1.266667 1.300000 1.333333 1.366667 1.400000 1.433333 1.466667 1.500000 1.533333 1.566667
1.600000 1.633333 1.666667 1.700000 1.733333 1.766667 1.800000 1.833333 1.866667 1.900000 1.933333 1.966667 2.000000 2.033333 2.066667 2.100000
2.133333 2.166667 2.200000 2.233333 2.266667 2.300000 2.333333 2.366667</float_array>
        <technique_common>
          <accessor source="#mixamorig_Spine1-Matrix-animation-input-array" count="72">
            <param name="TIME" type="float"/>
          </accessor>
        </technique_common>
      </source>
      <source id="mixamorig_Spine1-Matrix-animation-output-transform">
        <float_array id="mixamorig_Spine1-Matrix-animation-output-transform-array" count="1152">

0.999600 0.006649 -0.027491 0.000000 -0.008852 0.996693 -0.080779 0.866700 0.026863 0.080990 0.996353 0.000000 0.000000 0.000000 0.000000 1.000000
0.999155 -0.029642 -0.028488 -0.000000 0.026919 0.995430 -0.091626 0.866700 0.031073 0.090782 0.995386 0.000000 0.000000 0.000000 0.000000 1.000000
0.998651 -0.045080 -0.025780 0.000000 0.042545 0.994884 -0.091627 0.866700 0.029778 0.090407 0.995460 0.000000 0.000000 0.000000 0.000000 1.000000
0.998805 -0.044508 -0.020214 0.000000 0.042671 0.995578 -0.083686 0.866700 0.023849 0.082723 0.996287 0.000000 0.000000 0.000000 0.000000 1.000000
0.999021 -0.042553 -0.012096 0.000000 0.041531 0.996325 -0.074911 0.866700 0.015239 0.074335 0.997117 -0.000000 0.000000 0.000000 0.000000 1.000000
0.999267 -0.038061 -0.004127 0.000000 0.037686 0.996907 -0.068968 0.866700 0.006739 0.068762 0.997610 0.000000 0.000000 0.000000 0.000000 1.000000
0.998198 -0.059865 -0.004018 -0.000000 0.059342 0.994929 -0.081203 0.866700 0.008859 0.080818 0.996689 0.000000 0.000000 0.000000 0.000000 1.000000
0.997530 -0.070220 -0.001842 0.000000 0.069762 0.993404 -0.091010 0.866700 0.008220 0.090656 0.995848 0.000000 0.000000 0.000000 0.000000 1.000000
0.999226 -0.038626 0.007489 0.000000 0.039131 0.995453 -0.086849 0.866700 -0.004100 0.087074 0.996193 0.000000 0.000000 0.000000 0.000000 1.000000
0.999722 0.013557 0.019311 0.000000 -0.012137 0.997344 -0.071815 0.866700 -0.020233 0.071560 0.997231 -0.000000 0.000000 0.000000 0.000000 1.000000
0.997476 0.063475 0.031818 0.000000 -0.061775 0.996744 -0.051821 0.866700 -0.035004 0.049724 0.998149 0.000000 0.000000 0.000000 0.000000 1.000000
0.993204 0.108335 0.042545 0.000000 -0.106572 0.993429 -0.041726 0.866700 -0.046786 0.036908 0.998223 0.000000 0.000000 0.000000 0.000000 1.000000
0.987855 0.147458 0.048980 0.000000 -0.145098 0.988218 -0.048694 0.866700 -0.055583 0.040996 0.997612 0.000000 0.000000 0.000000 0.000000 1.000000
0.983365 0.174367 0.050881 0.000000 -0.171162 0.983307 -0.061733 0.866700 -0.060796 0.051997 0.996795 -0.000000 0.000000 0.000000 0.000000 1.000000
0.980343 0.191066 0.049213 -0.000000 -0.187629 0.979955 -0.066962 0.866700 -0.061020 0.056412 0.996541 0.000000 0.000000 0.000000 0.000000 1.000000
0.978129 0.203237 0.044255 0.000000 -0.200262 0.977672 -0.063665 0.866700 -0.056206 0.053410 0.996990 0.000000 0.000000 0.000000 0.000000 1.000000
0.977990 0.205261 0.037466 0.000000 -0.203008 0.977552 -0.056395 0.866700 -0.048201 0.047548 0.997705 0.000000 0.000000 0.000000 0.000000 1.000000
0.980602 0.193742 0.029738 0.000000 -0.192251 0.980232 -0.046740 0.866700 -0.038206 0.040116 0.998464 -0.000000 0.000000 0.000000 0.000000 1.000000
0.984314 0.175296 0.019918 0.000000 -0.174519 0.984006 -0.035707 0.866700 -0.025859 0.031671 0.999164 0.000000 0.000000 0.000000 0.000000 1.000000
0.988030 0.154058 0.007940 0.000000 -0.153783 0.987708 -0.028010 0.866700 -0.012158 0.026454 0.999576 0.000000 0.000000 0.000000 0.000000 1.000000
0.991822 0.127553 -0.004465 0.000000 -0.127629 0.991412 -0.028513 0.866700 0.000790 0.028849 0.999583 -0.000000 0.000000 0.000000 0.000000 1.000000
0.995076 0.098019 -0.014674 0.000000 -0.098481 0.994522 -0.035030 0.866700 0.011160 0.036303 0.999279 0.000000 0.000000 0.000000 0.000000 1.000000
0.997510 0.067262 -0.021203 0.000000 -0.068103 0.996801 -0.041819 0.866700 0.018322 0.043159 0.998900 0.000000 0.000000 0.000000 0.000000 1.000000
0.999296 0.027162 -0.025869 0.000000 -0.028462 0.998278 -0.051283 0.866700 0.024431 0.051983 0.998349 -0.000000 0.000000 0.000000 0.000000 1.000000
0.999167 -0.027841 -0.029850 0.000000 0.025722 0.997274 -0.069156 0.866700 0.031694 0.068330 0.997159 0.000000 0.000000 0.000000 0.000000 1.000000
0.996031 -0.083288 -0.031381 -0.000000 0.080380 0.993159 -0.084700 0.866700 0.038221 0.081841 0.995912 0.000000 0.000000 0.000000 0.000000 1.000000
0.992756 -0.116494 -0.029398 -0.000000 0.113572 0.989738 -0.086713 0.866700 0.039198 0.082746 0.995799 -0.000000 0.000000 0.000000 0.000000 1.000000
0.991994 -0.124244 -0.022611 0.000000 0.121897 0.988841 -0.085643 0.866700 0.032999 0.082201 0.996069 0.000000 0.000000 0.000000 0.000000 1.000000
0.992945 -0.117982 -0.011825 0.000000 0.116456 0.989115 -0.089940 0.866700 0.022308 0.087929 0.995877 -0.000000 0.000000 0.000000 0.000000 1.000000
0.994785 -0.101993 0.000490 0.000000 0.101575 0.990242 -0.095410 0.866700 0.009246 0.094962 0.995438 0.000000 0.000000 0.000000 0.000000 1.000000
0.997365 -0.071231 0.013754 0.000000 0.072250 0.992405 -0.099558 0.866700 -0.006558 0.100289 0.994937 0.000000 0.000000 0.000000 0.000000 1.000000
0.999085 -0.032936 0.027292 -0.000000 0.035474 0.994513 -0.098416 0.866700 -0.023901 0.099294 0.994771 -0.000000 0.000000 0.000000 0.000000 1.000000
0.999200 0.003061 0.039879 0.000000 0.000573 0.995869 -0.090798 0.866700 -0.039992 0.090748 0.995071 -0.000000 0.000000 0.000000 0.000000 1.000000
0.997848 0.040287 0.051741 0.000000 -0.035986 0.996022 -0.081523 0.866700 -0.054819 0.079486 0.995328 -0.000000 0.000000 0.000000 0.000000 1.000000
0.994758 0.080263 0.063365 0.000000 -0.075639 0.994512 -0.072286 0.866700 -0.068819 0.067114 0.995369 0.000000 0.000000 0.000000 0.000000 1.000000
0.990667 0.115389 0.072553 -0.000000 -0.110511 0.991546 -0.067991 0.866700 -0.079785 0.059338 0.995044 0.000000 0.000000 0.000000 0.000000 1.000000
0.986690 0.143759 0.075998 0.000000 -0.138216 0.987651 -0.073774 0.866700 -0.085665 0.062288 0.994375 -0.000000 0.000000 0.000000 0.000000 1.000000
0.982533 0.170664 0.074177 0.000000 -0.164566 0.982970 -0.081775 0.866700 -0.086870 0.068140 0.993887 -0.000000 0.000000 0.000000 0.000000 1.000000
0.978348 0.195084 0.069113 0.000000 -0.189243 0.978425 -0.082890 0.866700 -0.083793 0.068016 0.994159 0.000000 0.000000 0.000000 0.000000 1.000000
0.975255 0.212495 0.061022 -0.000000 -0.207320 0.974881 -0.081403 0.866700 -0.076787 0.066738 0.994811 0.000000 0.000000 0.000000 0.000000 1.000000
0.974935 0.216698 0.050442 0.000000 -0.212267 0.973850 -0.080982 0.866700 -0.066671 0.068245 0.995438 -0.000000 0.000000 0.000000 0.000000 1.000000
0.977512 0.207270 0.038861 -0.000000 -0.204033 0.976150 -0.074168 0.866700 -0.053307 0.064571 0.996488 -0.000000 0.000000 0.000000 0.000000 1.000000
0.982197 0.185971 0.026541 0.000000 -0.184112 0.981033 -0.060639 0.866700 -0.037314 0.054673 0.997807 -0.000000 0.000000 0.000000 0.000000 1.000000
0.988135 0.153108 0.012138 0.000000 -0.152307 0.987014 -0.051041 0.866700 -0.019795 0.048586 0.998623 0.000000 0.000000 0.000000 0.000000 1.000000
0.993549 0.113315 -0.004408 0.000000 -0.113391 0.992219 -0.051416 0.866700 -0.001453 0.051585 0.998668 -0.000000 0.000000 0.000000 0.000000 1.000000
0.997383 0.069410 -0.020251 0.000000 -0.070468 0.995866 -0.057310 0.866700 0.016190 0.058587 0.998151 0.000000 0.000000 0.000000 0.000000 1.000000
0.999226 0.023137 -0.031798 -0.000000 -0.025149 0.997608 -0.064395 0.866700 0.030232 0.065145 0.997418 -0.000000 0.000000 0.000000 0.000000 1.000000
0.999068 -0.020542 -0.037966 0.000000 0.017736 0.997187 -0.072820 0.866700 0.039355 0.072079 0.996622 0.000000 0.000000 0.000000 0.000000 1.000000
0.997517 -0.058062 -0.039861 0.000000 0.054620 0.995086 -0.082585 0.866700 0.044460 0.080202 0.995787 -0.000000 0.000000 0.000000 0.000000 1.000000
0.995555 -0.085811 -0.038816 0.000000 0.081887 0.992260 -0.093357 0.866700 0.046527 0.089763 0.994876 0.000000 0.000000 0.000000 0.000000 1.000000
0.994017 -0.103107 -0.036036 0.000000 0.098825 0.989523 -0.105255 0.866700 0.046511 0.101064 0.993792 0.000000 0.000000 0.000000 0.000000 1.000000
0.992908 -0.114567 -0.031749 0.000000 0.110307 0.987409 -0.113382 0.866700 0.044339 0.109075 0.993044 -0.000000 0.000000 0.000000 0.000000 1.000000
0.992474 -0.119736 -0.025678 0.000000 0.116056 0.986587 -0.114788 0.866700 0.039078 0.110944 0.993058 0.000000 0.000000 0.000000 0.000000 1.000000
0.993352 -0.113799 -0.017365 0.000000 0.111172 0.987485 -0.111867 0.866700 0.029878 0.109192 0.993572 -0.000000 0.000000 0.000000 0.000000 1.000000
0.995389 -0.095720 -0.006257 0.000000 0.094519 0.989847 -0.106155 0.866700 0.016355 0.105074 0.994330 0.000000 0.000000 0.000000 0.000000 1.000000
0.997656 -0.068052 0.007239 -0.000000 0.068432 0.993104 -0.095193 0.866700 -0.000711 0.095465 0.995433 -0.000000 0.000000 0.000000 0.000000 1.000000
0.999167 -0.034493 0.021819 0.000000 0.036110 0.996246 -0.078679 0.866700 -0.019023 0.079401 0.996661 0.000000 0.000000 0.000000 0.000000 1.000000
0.999350 -0.003291 0.035904 -0.000000 0.005514 0.998061 -0.062004 0.866700 -0.035630 0.062161 0.997430 0.000000 0.000000 0.000000 0.000000 1.000000
0.998623 0.021526 0.047839 0.000000 -0.019183 0.998619 -0.048903 0.866700 -0.048825 0.047918 0.997657 0.000000 0.000000 0.000000 0.000000 1.000000
0.997226 0.048018 0.056871 0.000000 -0.045800 0.998162 -0.039679 0.866700 -0.058671 0.036964 0.997593 0.000000 0.000000 0.000000 0.000000 1.000000
0.994427 0.084883 0.062526 0.000000 -0.082710 0.995903 -0.036558 0.866700 -0.065373 0.031183 0.997374 0.000000 0.000000 0.000000 0.000000 1.000000
0.989312 0.130969 0.064103 0.000000 -0.128639 0.990915 -0.039243 0.866700 -0.068661 0.030578 0.997171 0.000000 0.000000 0.000000 0.000000 1.000000
0.982001 0.178361 0.062143 0.000000 -0.176012 0.983515 -0.041453 0.866700 -0.068513 0.029769 0.997206 0.000000 0.000000 0.000000 0.000000 1.000000
0.974943 0.214954 0.057275 -0.000000 -0.212686 0.976166 -0.043191 0.866700 -0.065194 0.029927 0.997424 0.000000 0.000000 0.000000 0.000000 1.000000
0.971912 0.230006 0.049843 0.000000 -0.227858 0.972642 -0.045249 0.866700 -0.058887 0.032621 0.997732 0.000000 0.000000 0.000000 0.000000 1.000000
0.974225 0.221963 0.040221 0.000000 -0.220147 0.974425 -0.045079 0.866700 -0.049198 0.035063 0.998173 0.000000 0.000000 0.000000 0.000000 1.000000
0.979828 0.197777 0.028661 0.000000 -0.196471 0.979572 -0.042868 0.866700 -0.036554 0.036373 0.998670 0.000000 0.000000 0.000000 0.000000 1.000000
0.986185 0.164898 0.015743 -0.000000 -0.164112 0.985532 -0.042364 0.866700 -0.022501 0.039195 0.998978 -0.000000 0.000000 0.000000 0.000000 1.000000
0.992165 0.124918 0.002154 0.000000 -0.124691 0.991147 -0.045612 0.866700 -0.007833 0.044986 0.998957 0.000000 0.000000 0.000000 0.000000 1.000000
0.996621 0.081392 -0.010997 0.000000 -0.081864 0.995232 -0.053020 0.866700 0.006629 0.053742 0.998533 0.000000 0.000000 0.000000 0.000000 1.000000
0.998824 0.043449 -0.021529 -0.000000 -0.044778 0.996834 -0.065706 0.866700 0.018606 0.066593 0.997607 -0.000000 0.000000 0.000000 0.000000 1.000000
0.999600 0.006649 -0.027491 0.000000 -0.008852 0.996693 -0.080779 0.866700 0.026863 0.080990 0.996353 0.000000 0.000000 0.000000 0.000000 1.000000</float_array>
        <technique_common>
          <accessor source="#mixamorig_Spine1-Matrix-animation-output-transform-array" count="72" stride="16">
            <param type="float4x4"/>
          </accessor>
        </technique_common>
      </source>
      <source id="mixamorig_Spine1-Interpolations">
        <Name_array id="mixamorig_Spine1-Interpolations-array" count="72">
 LINEAR LINEAR LINEAR LINEAR LINEAR LINEAR LINEAR LINEAR LINEAR LINEAR LINEAR
LINEAR LINEAR LINEAR LINEAR LINEAR LINEAR LINEAR LINEAR LINEAR LINEAR LINEAR LINEAR
LINEAR LINEAR LINEAR LINEAR LINEAR LINEAR LINEAR LINEAR LINEAR LINEAR LINEAR LINEAR
