<?xml version="1.0" encoding="utf-8"?>
<COLLADA xmlns="http://www.collada.org/2005/11/COLLADASchema" version="1.4.1">
  <asset>
    <contributor>
      <author>Mixamo</author>
      <authoring_tool>COLLADA Mixamo exporter</authoring_tool>
      <comments/>
    </contributor>
    <created>2022-11-14T10:23:25Z</created>
    <modified>2022-11-14T10:23:25Z</modified>
    <revision/>
    <title/>
    <unit meter="0.010000"/>
    <up_axis>Y_UP</up_axis>
  </asset>
  <library_animations>
    <animation id="mixamorig_Hips-anim" name="mixamorig_Hips">
      <source id="mixamorig_Hips-Matrix-animation-input">
        <float_array id="mixamorig_Hips-Matrix-animation-input-array" count="133">

0.000000 0.033333 0.066667 0.100000 0.133333 0.166667 0.200000 0.233333 0.266667 0.300000 0.333333 0.366667 0.400000 0.433333 0.466667 0.500000
0.533333 0.566667 0.600000 0.633333 0.666667 0.700000 0.733333 0.766667 0.800000 0.833333 0.866667 0.900000 0.933333 0.966667 1.000000 1.033333
1.066667 1.100000 1.133333 1.166667 1.200000 1.233333 1.266667 1.300000 1.333333 1.366667 1.400000 1.433333 1.466667 1.500000 1.533333 1.566667
1.600000 1.633333 1.666667 1.700000 1.733333 1.766667 1.800000 1.833333 1.866667 1.900000 1.933333 1.966667 2.000000 2.033333 2.066667 2.100000
2.133333 2.166667 2.200000 2.233333 2.266667 2.300000 2.333333 2.366667 2.400000 2.433333 2.466667 2.500000 2.533333 2.566667 2.600000 2.633333
2.666667 2.700000 2.733333 2.766667 2.800000 2.833333 2.866667 2.900000 2.933333 2.966667 3.000000 3.033333 3.066667 3.100000 3.133333 3.166667
3.200000 3.233333 3.266667 3.300000 3.333333 3.366667 3.400000 3.433333 3.466667 3.500000 3.533333 3.566667 3.600000 3.633333 3.666667 3.700000
3.733333 3.766667 3.800000 3.833333 3.866667 3.900000 3.933333 3.966667 4.000000 4.033333 4.066667 4.100000 4.133333 4.166667 4.200000 4.233333
4.266667 4.300000 4.333333 4.366667 4.400000</float_array>
        <technique_common>
          <accessor source="#mixamorig_Hips-Matrix-animation-input-array" count="133">
            <param name="TIME" type="float"/>
          </accessor>
        </technique_common>
      </source>
      <source id="mixamorig_Hips-Matrix-animation-output-transform">
        <float_array id="mixamorig_Hips-Matrix-animation-output-transform-array" count="2128">

0.983341 -0.009311 -0.181530 -0.015049 0.013191 0.999709 0.020174 7.130881 0.181289 -0.022233 0.983179 0.048232 0.000000 0.000000 0.000000 1.000000
0.983216 -0.009120 -0.182220 -0.013817 0.013169 0.999692 0.021025 7.130470 0.181972 -0.023071 0.983033 0.045214 0.000000 0.000000 0.000000 1.000000
0.983055 -0.009069 -0.183087 -0.011880 0.013275 0.999675 0.021764 7.130184 0.182830 -0.023825 0.982856 0.042786 0.000000 0.000000 0.000000 1.000000
0.983127 -0.009303 -0.182688 -0.010060 0.013633 0.999655 0.022460 7.130126 0.182416 -0.024572 0.982914 0.040075 0.000000 0.000000 0.000000 1.000000
0.983564 -0.010017 -0.180283 -0.009338 0.014864 0.999563 0.025557 7.131459 0.179948 -0.027817 0.983283 0.035404 0.000000 0.000000 0.000000 1.000000
0.984616 -0.009373 -0.174483 -0.009428 0.015479 0.999313 0.033672 7.133995 0.174048 -0.035855 0.984084 0.026947 0.000000 0.000000 0.000000 1.000000
0.986305 -0.006171 -0.164817 -0.011151 0.014304 0.998735 0.048206 7.136133 0.164311 -0.049903 0.985146 0.011304 0.000000 0.000000 0.000000 1.000000
0.988426 -0.003144 -0.151669 -0.012633 0.013737 0.997533 0.068842 7.127554 0.151078 -0.070129 0.986031 -0.017760 0.000000 0.000000 0.000000 1.000000
0.991595 -0.003610 -0.129328 -0.015193 0.016150 0.995245 0.096050 7.117425 0.128366 -0.097331 0.986939 -0.066465 0.000000 0.000000 0.000000 1.000000
0.995959 -0.004817 -0.089678 -0.021435 0.016278 0.991702 0.127520 7.105406 0.088320 -0.128465 0.987773 -0.135426 0.000000 0.000000 0.000000 1.000000
0.998998 -0.022390 -0.038750 -0.049202 0.027997 0.988164 0.150826 7.106239 0.034914 -0.151760 0.987801 -0.216434 0.000000 0.000000 0.000000 1.000000
0.998361 -0.052672 0.022403 -0.100376 0.048569 0.986665 0.155347 7.145525 -0.030287 -0.154004 0.987606 -0.295430 0.000000 0.000000 0.000000 1.000000
0.992785 -0.074962 0.093585 -0.167242 0.060724 0.987320 0.146671 7.190165 -0.103393 -0.139930 0.984748 -0.368080 0.000000 0.000000 0.000000 1.000000
0.983789 -0.085172 0.157812 -0.227603 0.062492 0.987678 0.143482 7.211853 -0.168088 -0.131294 0.976989 -0.437158 0.000000 0.000000 0.000000 1.000000
0.976077 -0.093261 0.196405 -0.280077 0.063763 0.986399 0.151499 7.217486 -0.207863 -0.135351 0.968748 -0.500597 0.000000 0.000000 0.000000 1.000000
0.973043 -0.094569 0.210344 -0.317118 0.060789 0.984977 0.161630 7.204817 -0.222470 -0.144486 0.964174 -0.555618 0.000000 0.000000 0.000000 1.000000
0.971994 -0.088585 0.217672 -0.333878 0.051105 0.983744 0.172149 7.166741 -0.229384 -0.156204 0.960720 -0.618746 0.000000 0.000000 0.000000 1.000000
0.969467 -0.080769 0.231538 -0.336213 0.038216 0.982427 0.182695 7.116107 -0.242225 -0.168268 0.955517 -0.707514 0.000000 0.000000 0.000000 1.000000
0.965313 -0.074160 0.250343 -0.330701 0.026109 0.981426 0.190056 7.062953 -0.259787 -0.176927 0.949319 -0.823367 0.000000 0.000000 0.000000 1.000000
0.960686 -0.069276 0.268855 -0.325821 0.016052 0.980609 0.195316 7.014572 -0.277173 -0.183321 0.943169 -0.960431 0.000000 0.000000 0.000000 1.000000
0.957190 -0.062413 0.282650 -0.325209 0.005601 0.980288 0.197493 6.974834 -0.289405 -0.187455 0.938672 -1.117195 0.000000 0.000000 0.000000 1.000000
0.953980 -0.055073 0.294768 -0.326475 -0.004118 0.980492 0.196516 6.937598 -0.299841 -0.188686 0.935143 -1.295839 0.000000 0.000000 0.000000 1.000000
0.950170 -0.050364 0.307638 -0.323253 -0.011641 0.980442 0.196465 6.891002 -0.311516 -0.190256 0.931000 -1.511372 0.000000 0.000000 0.000000 1.000000
0.946745 -0.044761 0.318858 -0.306898 -0.019341 0.980596 0.195083 6.830624 -0.321403 -0.190861 0.927509 -1.785110 0.000000 0.000000 0.000000 1.000000
0.945497 -0.039715 0.323201 -0.281873 -0.025204 0.980631 0.194234 6.761850 -0.324655 -0.191793 0.926183 -2.114398 0.000000 0.000000 0.000000 1.000000
0.948411 -0.042539 0.314178 -0.268856 -0.019958 0.980982 0.193070 6.703475 -0.316415 -0.189380 0.929525 -2.468990 0.000000 0.000000 0.000000 1.000000
0.959845 -0.046214 0.276697 -0.235973 -0.006082 0.982677 0.185225 6.671103 -0.280464 -0.179471 0.942937 -2.864893 0.000000 0.000000 0.000000 1.000000
0.978645 -0.041399 0.201345 -0.179994 0.005937 0.984793 0.173630 6.672517 -0.205471 -0.168726 0.964009 -3.191862 0.000000 0.000000 0.000000 1.000000
0.990738 -0.028980 0.132659 -0.132518 0.006676 0.986175 0.165574 6.718758 -0.135624 -0.163155 0.977234 -3.433718 0.000000 0.000000 0.000000 1.000000
0.995144 -0.017063 0.096941 -0.105378 0.000562 0.985829 0.167751 6.822703 -0.098430 -0.166882 0.981051 -3.666348 0.000000 0.000000 0.000000 1.000000
0.995897 0.004306 0.090391 -0.104786 -0.019353 0.985892 0.166261 6.938109 -0.088400 -0.167328 0.981930 -3.865980 0.000000 0.000000 0.000000 1.000000
0.995126 0.027559 0.094679 -0.116578 -0.042171 0.986858 0.155989 7.028088 -0.089136 -0.159222 0.983211 -4.026899 0.000000 0.000000 0.000000 1.000000
0.994144 0.041448 0.099798 -0.121228 -0.054737 0.989423 0.134339 7.093699 -0.093175 -0.139015 0.985897 -4.171075 0.000000 0.000000 0.000000 1.000000
0.994192 0.041924 0.099115 -0.123270 -0.051660 0.993865 0.097793 7.123734 -0.094407 -0.102346 0.990259 -4.305305 0.000000 0.000000 0.000000 1.000000
0.995720 0.037649 0.084402 -0.113595 -0.043069 0.997062 0.063344 7.135894 -0.081769 -0.066708 0.994416 -4.432598 0.000000 0.000000 0.000000 1.000000
0.997149 0.037879 0.065262 -0.094153 -0.039152 0.999065 0.018332 7.138757 -0.064507 -0.020834 0.997700 -4.553519 0.000000 0.000000 0.000000 1.000000
0.998558 0.035484 0.040275 -0.076781 -0.033970 0.998713 -0.037670 7.127018 -0.041559 0.036248 0.998478 -4.674577 0.000000 0.000000 0.000000 1.000000
0.999710 0.023997 0.002173 -0.061948 -0.023722 0.996016 -0.085964 7.111991 -0.004227 0.085888 0.996296 -4.810131 0.000000 0.000000 0.000000 1.000000
0.999241 0.007757 -0.038174 -0.053582 -0.012555 0.991809 -0.127110 7.094064 0.036875 0.127492 0.991154 -4.963075 0.000000 0.000000 0.000000 1.000000
0.997678 -0.014229 -0.066597 -0.053028 0.003217 0.986686 -0.162605 7.059804 0.068024 0.162013 0.984441 -5.128930 0.000000 0.000000 0.000000 1.000000
0.996291 -0.042806 -0.074650 -0.065993 0.027420 0.980200 -0.196105 7.000690 0.081567 0.193330 0.977737 -5.299970 0.000000 0.000000 0.000000 1.000000
0.995105 -0.069716 -0.070035 -0.089402 0.052123 0.972410 -0.227379 6.929382 0.083955 0.222616 0.971285 -5.458658 0.000000 0.000000 0.000000 1.000000
0.993760 -0.090943 -0.064580 -0.114967 0.071670 0.964270 -0.255044 6.831936 0.085467 0.248824 0.964770 -5.609056 0.000000 0.000000 0.000000 1.000000
0.991855 -0.107307 -0.068620 -0.137149 0.085169 0.959331 -0.269130 6.705523 0.094709 0.261094 0.960656 -5.742624 0.000000 0.000000 0.000000 1.000000
0.990801 -0.109684 -0.079265 -0.159526 0.086353 0.963412 -0.253735 6.579499 0.104195 0.244556 0.964021 -5.841176 0.000000 0.000000 0.000000 1.000000
0.992972 -0.089443 -0.077508 -0.184406 0.069343 0.970378 -0.231426 6.514876 0.095912 0.224425 0.969760 -5.850388 0.000000 0.000000 0.000000 1.000000
0.994470 -0.076811 -0.071622 -0.224743 0.060367 0.976124 -0.208655 6.470056 0.085939 0.203178 0.975363 -5.786549 0.000000 0.000000 0.000000 1.000000
0.994730 -0.076537 -0.068224 -0.268689 0.064360 0.984090 -0.165605 6.393919 0.079814 0.160341 0.983829 -5.675338 0.000000 0.000000 0.000000 1.000000
0.996224 -0.069922 -0.051457 -0.305284 0.063033 0.990139 -0.125103 6.269403 0.059697 0.121388 0.990808 -5.526621 0.000000 0.000000 0.000000 1.000000
0.997333 -0.069450 -0.022435 -0.331912 0.066944 0.992947 -0.097846 6.089837 0.029073 0.096083 0.994949 -5.373870 0.000000 0.000000 0.000000 1.000000
0.997419 -0.071722 0.003361 -0.358472 0.071767 0.994414 -0.077402 5.841263 0.002209 0.077443 0.996994 -5.243342 0.000000 0.000000 0.000000 1.000000
0.997060 -0.072078 0.025997 -0.385065 0.073258 0.996170 -0.047725 5.569698 -0.022457 0.049489 0.998522 -5.107973 0.000000 0.000000 0.000000 1.000000
0.995621 -0.081157 0.046396 -0.439704 0.081685 0.996612 -0.009601 5.297589 -0.045460 0.013349 0.998877 -4.974977 0.000000 0.000000 0.000000 1.000000
0.993081 -0.095311 0.068598 -0.514818 0.093952 0.995316 0.022781 5.020832 -0.070448 -0.016178 0.997384 -4.841472 0.000000 0.000000 0.000000 1.000000
0.988422 -0.111786 0.102594 -0.615848 0.108141 0.993312 0.040450 4.749926 -0.106430 -0.028887 0.993900 -4.704989 0.000000 0.000000 0.000000 1.000000
0.981854 -0.130534 0.137562 -0.734615 0.125226 0.991033 0.046597 4.477807 -0.142411 -0.028525 0.989397 -4.568862 0.000000 0.000000 0.000000 1.000000
0.975370 -0.149312 0.162357 -0.858837 0.143665 0.988554 0.046048 4.197400 -0.167375 -0.021589 0.985657 -4.428615 0.000000 0.000000 0.000000 1.000000
0.971068 -0.164905 0.172721 -0.978867 0.159397 0.986171 0.045386 3.927144 -0.177817 -0.016542 0.983925 -4.286523 0.000000 0.000000 0.000000 1.000000
0.970373 -0.163812 0.177598 -1.062285 0.159469 0.986450 0.038556 3.740825 -0.181507 -0.009092 0.983348 -4.123123 0.000000 0.000000 0.000000 1.000000
0.973178 -0.129315 0.190267 -1.094788 0.132240 0.991214 -0.002703 3.718834 -0.188245 0.027792 0.981729 -3.911160 0.000000 0.000000 0.000000 1.000000
0.977722 -0.111656 0.177742 -1.124121 0.127157 0.988786 -0.078321 3.753740 -0.167004 0.099177 0.980956 -3.690226 0.000000 0.000000 0.000000 1.000000
0.983605 -0.130444 0.124520 -1.143792 0.146954 0.979998 -0.134198 3.781291 -0.104524 0.150296 0.983100 -3.492140 0.000000 0.000000 0.000000 1.000000
0.986692 -0.157322 0.041096 -1.165151 0.162046 0.972271 -0.168612 3.777965 -0.013430 0.173028 0.984825 -3.314126 0.000000 0.000000 0.000000 1.000000
0.984090 -0.173155 -0.039795 -1.199421 0.161435 0.964990 -0.206722 3.724166 0.074196 0.197009 0.977590 -3.143244 0.000000 0.000000 0.000000 1.000000
0.980685 -0.172643 -0.091936 -1.229374 0.144932 0.957031 -0.251170 3.633241 0.131348 0.232994 0.963567 -2.952892 0.000000 0.000000 0.000000 1.000000
0.978657 -0.160080 -0.128858 -1.249999 0.115933 0.947820 -0.296981 3.530884 0.169674 0.275704 0.946149 -2.734971 0.000000 0.000000 0.000000 1.000000
0.974162 -0.140728 -0.176644 -1.265575 0.070800 0.932998 -0.352848 3.418087 0.214464 0.331225 0.918855 -2.477792 0.000000 0.000000 0.000000 1.000000
0.960982 -0.125418 -0.246544 -1.277564 0.009940 0.906384 -0.422338 3.268532 0.276432 0.403409 0.872265 -2.219184 0.000000 0.000000 0.000000 1.000000
0.937459 -0.116496 -0.328024 -1.282389 -0.057546 0.877504 -0.476104 3.097171 0.343307 0.465204 0.815920 -1.962561 0.000000 0.000000 0.000000 1.000000
0.916032 -0.115116 -0.384232 -1.322090 -0.113543 0.844330 -0.523655 2.910310 0.384699 0.523311 0.760363 -1.711141 0.000000 0.000000 0.000000 1.000000
0.916399 -0.139238 -0.375268 -1.407855 -0.123988 0.792684 -0.596891 2.720641 0.380579 0.593519 0.709151 -1.491614 0.000000 0.000000 0.000000 1.000000
0.935514 -0.199950 -0.291261 -1.515528 -0.059006 0.724415 -0.686834 2.525415 0.348326 0.659729 0.665903 -1.293966 0.000000 0.000000 0.000000 1.000000
0.948007 -0.256781 -0.188004 -1.608847 0.018094 0.633280 -0.773712 2.305851 0.317734 0.730082 0.605000 -1.071696 0.000000 0.000000 0.000000 1.000000
0.946241 -0.302071 -0.115682 -1.690504 0.069187 0.538367 -0.839866 2.046802 0.315978 0.786711 0.530324 -0.788196 0.000000 0.000000 0.000000 1.000000
0.937073 -0.345319 -0.051476 -1.777784 0.117948 0.451881 -0.884246 1.736609 0.328608 0.822532 0.464175 -0.483239 0.000000 0.000000 0.000000 1.000000
0.927664 -0.373400 -0.003384 -1.855669 0.144054 0.366217 -0.919311 1.424284 0.344510 0.852325 0.393516 -0.234048 0.000000 0.000000 0.000000 1.000000
0.920614 -0.389603 0.026080 -1.934301 0.144401 0.277637 -0.949772 1.140256 0.362793 0.878139 0.311855 -0.008336 0.000000 0.000000 0.000000 1.000000
0.909967 -0.406858 0.080165 -2.025687 0.159986 0.166098 -0.973045 0.914550 0.382576 0.898264 0.216235 0.183078 0.000000 0.000000 0.000000 1.000000
0.887621 -0.446163 0.114316 -2.150220 0.166780 0.080002 -0.982743 0.830112 0.429318 0.891369 0.145422 0.320123 0.000000 0.000000 0.000000 1.000000
0.871296 -0.478679 0.108213 -2.280181 0.160342 0.069265 -0.984628 0.856593 0.463825 0.875254 0.137102 0.428847 0.000000 0.000000 0.000000 1.000000
0.868597 -0.485927 0.097027 -2.383066 0.154764 0.080022 -0.984705 0.904039 0.470731 0.870328 0.144711 0.523152 0.000000 0.000000 0.000000 1.000000
0.870995 -0.483812 0.085409 -2.449504 0.139928 0.077652 -0.987112 0.922714 0.470944 0.871720 0.135334 0.610926 0.000000 0.000000 0.000000 1.000000
0.872583 -0.482811 0.074113 -2.483057 0.127849 0.079306 -0.988618 0.908211 0.471438 0.872126 0.130928 0.685407 0.000000 0.000000 0.000000 1.000000
0.873648 -0.480065 0.079233 -2.495516 0.133959 0.080771 -0.987690 0.882617 0.467755 0.873507 0.134874 0.734237 0.000000 0.000000 0.000000 1.000000
0.876197 -0.474095 0.086675 -2.490112 0.142859 0.083728 -0.986195 0.878993 0.460293 0.876483 0.141091 0.762569 0.000000 0.000000 0.000000 1.000000
0.881432 -0.463929 0.088585 -2.470361 0.146716 0.090666 -0.985015 0.900412 0.448945 0.881221 0.147981 0.775051 0.000000 0.000000 0.000000 1.000000
0.885419 -0.457014 0.084684 -2.446330 0.142893 0.094277 -0.985238 0.926255 0.442283 0.884449 0.148779 0.771301 0.000000 0.000000 0.000000 1.000000
0.888280 -0.453270 0.074192 -2.421170 0.130440 0.094075 -0.986983 0.938427 0.440390 0.886395 0.142689 0.764496 0.000000 0.000000 0.000000 1.000000
0.889564 -0.452750 0.060775 -2.406032 0.117266 0.097744 -0.988279 0.934930 0.441502 0.886264 0.140042 0.734695 0.000000 0.000000 0.000000 1.000000
0.891101 -0.450779 0.052321 -2.388203 0.110667 0.104045 -0.988396 0.922109 0.440105 0.886551 0.142601 0.710906 0.000000 0.000000 0.000000 1.000000
0.894834 -0.443700 0.049009 -2.377682 0.109514 0.111767 -0.987682 0.905762 0.432756 0.889179 0.148605 0.693666 0.000000 0.000000 0.000000 1.000000
0.896830 -0.439877 0.046946 -2.370547 0.109555 0.118031 -0.986948 0.895602 0.428595 0.890268 0.154044 0.685240 0.000000 0.000000 0.000000 1.000000
0.896223 -0.441427 0.043892 -2.364452 0.106459 0.117974 -0.987294 0.893767 0.430640 0.889508 0.152725 0.687297 0.000000 0.000000 0.000000 1.000000
0.896545 -0.440760 0.044026 -2.364728 0.105761 0.116483 -0.987546 0.891961 0.430142 0.890035 0.151047 0.692589 0.000000 0.000000 0.000000 1.000000
0.897232 -0.438990 0.047559 -2.369232 0.108598 0.114986 -0.987413 0.888505 0.427996 0.891104 0.150842 0.702115 0.000000 0.000000 0.000000 1.000000
0.898052 -0.437002 0.050313 -2.376758 0.111313 0.115105 -0.987097 0.882319 0.425572 0.892065 0.152014 0.712696 0.000000 0.000000 0.000000 1.000000
0.898519 -0.435916 0.051383 -2.385773 0.112904 0.116408 -0.986763 0.875368 0.424164 0.892427 0.153812 0.719418 0.000000 0.000000 0.000000 1.000000
0.898799 -0.435318 0.051556 -2.393448 0.113808 0.118151 -0.986452 0.869594 0.423329 0.892490 0.155737 0.722529 0.000000 0.000000 0.000000 1.000000
0.899087 -0.434721 0.051574 -2.397683 0.114384 0.119567 -0.986215 0.865608 0.422562 0.892592 0.157226 0.723611 0.000000 0.000000 0.000000 1.000000
0.899169 -0.434542 0.051663 -2.398134 0.114436 0.119543 -0.986212 0.863955 0.422374 0.892683 0.157217 0.723086 0.000000 0.000000 0.000000 1.000000
0.898743 -0.435304 0.052635 -2.395816 0.114938 0.118041 -0.986334 0.864638 0.423142 0.892511 0.156122 0.721132 0.000000 0.000000 0.000000 1.000000
0.897948 -0.436749 0.054212 -2.392172 0.116274 0.116625 -0.986346 0.866118 0.424464 0.891991 0.155506 0.718384 0.000000 0.000000 0.000000 1.000000
0.897552 -0.437528 0.054488 -2.389532 0.116413 0.115969 -0.986407 0.866613 0.425262 0.891695 0.155022 0.716223 0.000000 0.000000 0.000000 1.000000
0.897680 -0.437330 0.053978 -2.388255 0.115874 0.116093 -0.986456 0.866043 0.425140 0.891776 0.154889 0.715418 0.000000 0.000000 0.000000 1.000000
0.898050 -0.436552 0.054116 -2.387874 0.115974 0.116297 -0.986420 0.865366 0.424330 0.892131 0.155069 0.715826 0.000000 0.000000 0.000000 1.000000
0.898296 -0.435988 0.054579 -2.388409 0.116533 0.116628 -0.986315 0.864140 0.423656 0.892363 0.155574 0.717034 0.000000 0.000000 0.000000 1.000000
0.898404 -0.435730 0.054868 -2.389301 0.117016 0.117082 -0.986204 0.862619 0.423294 0.892430 0.156175 0.718600 0.000000 0.000000 0.000000 1.000000
0.898550 -0.435355 0.055434 -2.389942 0.117566 0.117083 -0.986139 0.861768 0.422831 0.892613 0.156388 0.719762 0.000000 0.000000 0.000000 1.000000
0.898662 -0.435048 0.056026 -2.390364 0.118083 0.116929 -0.986095 0.861188 0.422448 0.892783 0.156452 0.720036 0.000000 0.000000 0.000000 1.000000
0.898667 -0.435003 0.056310 -2.390638 0.118204 0.116545 -0.986126 0.860884 0.422405 0.892855 0.156154 0.719521 0.000000 0.000000 0.000000 1.000000
0.898739 -0.434821 0.056553 -2.390856 0.118117 0.115871 -0.986216 0.861037 0.422275 0.893031 0.155498 0.718846 0.000000 0.000000 0.000000 1.000000
0.899015 -0.434194 0.056983 -2.391217 0.118367 0.115653 -0.986212 0.860810 0.421617 0.893364 0.155368 0.718387 0.000000 0.000000 0.000000 1.000000
0.899736 -0.432578 0.057884 -2.392135 0.119405 0.116419 -0.985996 0.859439 0.419782 0.894048 0.156399 0.717787 0.000000 0.000000 0.000000 1.000000
0.900356 -0.431209 0.058464 -2.393051 0.120085 0.117074 -0.985836 0.858199 0.418257 0.894624 0.157190 0.717386 0.000000 0.000000 0.000000 1.000000
0.900453 -0.430981 0.058643 -2.393362 0.120207 0.117008 -0.985829 0.857568 0.418012 0.894743 0.157167 0.717518 0.000000 0.000000 0.000000 1.000000
0.900325 -0.431243 0.058686 -2.393559 0.120190 0.116764 -0.985860 0.856867 0.418293 0.894648 0.156957 0.717568 0.000000 0.000000 0.000000 1.000000
0.900320 -0.431293 0.058391 -2.393817 0.119790 0.116579 -0.985931 0.856312 0.418418 0.894648 0.156623 0.717650 0.000000 0.000000 0.000000 1.000000
0.900335 -0.431286 0.058218 -2.394002 0.119484 0.116334 -0.985997 0.855772 0.418474 0.894684 0.156272 0.717705 0.000000 0.000000 0.000000 1.000000
0.900284 -0.431436 0.057885 -2.394278 0.118991 0.115998 -0.986096 0.855284 0.418723 0.894655 0.155769 0.717536 0.000000 0.000000 0.000000 1.000000
0.900407 -0.431253 0.057347 -2.394625 0.118428 0.116128 -0.986149 0.854109 0.418620 0.894726 0.155635 0.717506 0.000000 0.000000 0.000000 1.000000
0.900668 -0.430810 0.056568 -2.395105 0.117597 0.116357 -0.986221 0.852705 0.418292 0.894910 0.155461 0.717363 0.000000 0.000000 0.000000 1.000000
0.900819 -0.430595 0.055798 -2.395563 0.116716 0.116363 -0.986325 0.851629 0.418214 0.895012 0.155080 0.717091 0.000000 0.000000 0.000000 1.000000
0.900900 -0.430485 0.055330 -2.395689 0.116155 0.116304 -0.986398 0.851021 0.418194 0.895073 0.154782 0.717211 0.000000 0.000000 0.000000 1.000000
0.900858 -0.430603 0.055089 -2.395641 0.115857 0.116181 -0.986448 0.850437 0.418367 0.895032 0.154551 0.717330 0.000000 0.000000 0.000000 1.000000
0.901268 -0.429705 0.055408 -2.396121 0.116298 0.116742 -0.986330 0.848986 0.417363 0.895391 0.155190 0.717104 0.000000 0.000000 0.000000 1.000000
0.901765 -0.428710 0.055027 -2.396775 0.116037 0.117484 -0.986272 0.847723 0.416360 0.895771 0.155689 0.717041 0.000000 0.000000 0.000000 1.000000
0.901842 -0.428680 0.053977 -2.397005 0.115073 0.117893 -0.986336 0.846901 0.416460 0.895731 0.155650 0.717428 0.000000 0.000000 0.000000 1.000000
0.901773 -0.428898 0.053397 -2.397044 0.114555 0.118055 -0.986377 0.846004 0.416751 0.895606 0.155591 0.717748 0.000000 0.000000 0.000000 1.000000
0.901743 -0.429012 0.052991 -2.397060 0.114173 0.118141 -0.986411 0.845367 0.416922 0.895540 0.155514 0.718011 0.000000 0.000000 0.000000 1.000000
0.901664 -0.429237 0.052516 -2.397269 0.113778 0.118318 -0.986436 0.844604 0.417201 0.895409 0.155521 0.717822 0.000000 0.000000 0.000000 1.000000
0.901521 -0.429602 0.051985 -2.397140 0.113131 0.118026 -0.986545 0.844228 0.417686 0.895272 0.155004 0.718136 0.000000 0.000000 0.000000 1.000000
0.901347 -0.429956 0.052071 -2.397154 0.113026 0.117456 -0.986625 0.843748 0.418089 0.895177 0.154465 0.718024 0.000000 0.000000 0.000000 1.000000
0.901365 -0.429912 0.052133 -2.397223 0.112964 0.117198 -0.986663 0.843663 0.418068 0.895232 0.154202 0.718101 0.000000 0.000000 0.000000 1.000000</float_array>
        <technique_common>
          <accessor source="#mixamorig_Hips-Matrix-animation-output-transform-array" count="133" stride="16">
            <param type="float4x4"/>
          </accessor>
        </technique_common>
      </source>
      <source id="mixamorig_Hips-Interpolations">
        <Name_array id="mixamorig_Hips-Interpolations-array" count="133">
 LINEAR LINEAR LINEAR LINEAR LINEAR LINEAR LINEAR LINEAR LINEAR LINEAR LINEAR
LINEAR LINEAR LINEAR LINEAR LINEAR LINEAR LINEAR LINEAR LINEAR LINEAR LINEAR LINEAR
LINEAR LINEAR LINEAR LINEAR LINEAR LINEAR LINEAR LINEAR LINEAR LINEAR LINEAR LINEAR
LINEAR LINEAR LINEAR LINEAR LINEAR LINEAR LINEAR LINEAR LINEAR LINEAR LINEAR LINEAR
LINEAR LINEAR LINEAR LINEAR LINEAR LINEAR LINEAR LINEAR LINEAR LINEAR LINEAR LINEAR
LINEAR LINEAR LINEAR LINEAR LINEAR LINEAR LINEAR LINEAR LINEAR LINEAR LINEAR LINEAR
LINEAR LINEAR LINEAR LINEAR LINEAR LINEAR LINEAR LINEAR LINEAR LINEAR LINEAR LINEAR
LINEAR LINEAR LINEAR LINEAR LINEAR LINEAR LINEAR LINEAR LINEAR LINEAR LINEAR LINEAR
LINEAR LINEAR LINEAR LINEAR LINEAR LINEAR LINEAR LINEAR LINEAR LINEAR LINEAR LINEAR
LINEAR LINEAR LINEAR LINEAR LINEAR LINEAR LINEAR LINEAR LINEAR LINEAR LINEAR LINEAR
LINEAR LINEAR LINEAR LINEAR LINEAR LINEAR LINEAR LINEAR LINEAR LINEAR LINEAR LINEAR
LINEAR LINEAR</Name_array>
        <technique_common>
          <accessor source="#mixamorig_Hips-Interpolations-array" count="133">
            <param type="name"/>
          </accessor>
        </technique_common>
      </source>
      <sampler id="mixamorig_Hips-Matrix-animation-transform">
        <input semantic="INPUT" source="#mixamorig_Hips-Matrix-animation-input"/>
        <input semantic="OUTPUT" source="#mixamorig_Hips-Matrix-animation-output-transform"/>
        <input semantic="INTERPOLATION" source="#mixamorig_Hips-Interpolations"/>
      </sampler>
      <channel source="#mixamorig_Hips-Matrix-animation-transform" target="mixamorig_Hips/matrix"/>
    </animation>
    <animation id="mixamorig_Spine-anim" name="mixamorig_Spine">
      <source id="mixamorig_Spine-Matrix-animation-input">
        <float_array id="mixamorig_Spine-Matrix-animation-input-array" count="133">

0.000000 0.033333 0.066667 0.100000 0.133333 0.166667 0.200000 0.233333 0.266667 0.300000 0.333333 0.366667 0.400000 0.433333 0.466667 0.500000
0.533333 0.566667 0.600000 0.633333 0.666667 0.700000 0.733333 0.766667 0.800000 0.833333 0.866667 0.900000 0.933333 0.966667 1.000000 1.033333
1.066667 1.100000 1.133333 1.166667 1.200000 1.233333 1.266667 1.300000 1.333333 1.366667 1.400000 1.433333 1.466667 1.500000 1.533333 1.566667
1.600000 1.633333 1.666667 1.700000 1.733333 1.766667 1.800000 1.833333 1.866667 1.900000 1.933333 1.966667 2.000000 2.033333 2.066667 2.100000
2.133333 2.166667 2.200000 2.233333 2.266667 2.300000 2.333333 2.366667 2.400000 2.433333 2.466667 2.500000 2.533333 2.566667 2.600000 2.633333
2.666667 2.700000 2.733333 2.766667 2.800000 2.833333 2.866667 2.900000 2.933333 2.966667 3.000000 3.033333 3.066667 3.100000 3.133333 3.166667
3.200000 3.233333 3.266667 3.300000 3.333333 3.366667 3.400000 3.433333 3.466667 3.500000 3.533333 3.566667 3.600000 3.633333 3.666667 3.700000
3.733333 3.766667 3.800000 3.833333 3.866667 3.900000 3.933333 3.966667 4.000000 4.033333 4.066667 4.100000 4.133333 4.166667 4.200000 4.233333
4.266667 4.300000 4.333333 4.366667 4.400000</float_array>
        <technique_common>
          <accessor source="#mixamorig_Spine-Matrix-animation-input-array" count="133">
            <param name="TIME" type="float"/>
          </accessor>
        </technique_common>
      </source>
      <source id="mixamorig_Spine-Matrix-animation-output-transform">
        <float_array id="mixamorig_Spine-Matrix-animation-output-transform-array" count="2128">

0.998760 -0.037770 0.032418 -0.000000 0.037320 0.999200 0.014387 0.742000 -0.032936 -0.013159 0.999371 -0.036200 0.000000 0.000000 0.000000 1.000000
0.998763 -0.037764 0.032341 -0.000000 0.037321 0.999203 0.014183 0.742000 -0.032851 -0.012959 0.999376 -0.036200 0.000000 0.000000 0.000000 1.000000
0.998757 -0.038080 0.032168 0.000000 0.037646 0.999193 0.014010 0.742000 -0.032675 -0.012781 0.999384 -0.036200 0.000000 0.000000 0.000000 1.000000
0.998757 -0.038465 0.031701 0.000000 0.038043 0.999181 0.013811 0.742000 -0.032206 -0.012588 0.999402 -0.036200 0.000000 0.000000 0.000000 1.000000
0.998782 -0.038480 0.030899 0.000000 0.038093 0.999190 0.013003 0.742000 -0.031375 -0.011810 0.999438 -0.036200 0.000000 0.000000 0.000000 1.000000
0.998757 -0.040057 0.029667 0.000000 0.039744 0.999148 0.011085 0.742000 -0.030085 -0.009892 0.999498 -0.036200 0.000000 0.000000 0.000000 1.000000
0.998624 -0.043748 0.028935 -0.000000 0.043540 0.999022 0.007749 0.742000 -0.029246 -0.006479 0.999551 -0.036200 0.000000 0.000000 0.000000 1.000000
0.998189 -0.051836 0.030518 0.000000 0.051796 0.998656 0.002080 0.742000 -0.030584 -0.000495 0.999532 -0.036200 0.000000 0.000000 0.000000 1.000000
0.997476 -0.062161 0.034309 0.000000 0.062426 0.998027 -0.006721 0.742000 -0.033824 0.008846 0.999389 -0.036200 0.000000 0.000000 0.000000 1.000000
0.996417 -0.075715 0.037689 0.000000 0.076380 0.996942 -0.016524 0.742000 -0.036323 0.019343 0.999153 -0.036200 0.000000 0.000000 0.000000 1.000000
0.995985 -0.079610 0.040945 0.000000 0.080582 0.996491 -0.022637 0.742000 -0.038999 0.025846 0.998905 -0.036200 0.000000 0.000000 0.000000 1.000000
0.996249 -0.076061 0.041264 0.000000 0.076971 0.996814 -0.020934 0.742000 -0.039540 0.024032 0.998929 -0.036200 0.000000 0.000000 0.000000 1.000000
0.996547 -0.074288 0.037095 -0.000000 0.074796 0.997121 -0.012498 0.742000 -0.036060 0.015229 0.999234 -0.036200 0.000000 0.000000 0.000000 1.000000
0.996822 -0.073638 0.030381 0.000000 0.073794 0.997265 -0.004061 0.742000 -0.029999 0.006290 0.999530 -0.036200 0.000000 0.000000 0.000000 1.000000
0.997574 -0.065297 0.024121 0.000000 0.065280 0.997866 0.001500 0.742000 -0.024167 0.000078 0.999708 -0.036200 0.000000 0.000000 0.000000 1.000000
0.998247 -0.055964 0.019263 -0.000000 0.055819 0.998409 0.008011 0.742000 -0.019681 -0.006921 0.999782 -0.036200 0.000000 0.000000 0.000000 1.000000
0.998525 -0.052899 0.012241 0.000000 0.052702 0.998484 0.015898 0.742000 -0.013063 -0.015229 0.999799 -0.036200 0.000000 0.000000 0.000000 1.000000
0.998578 -0.053295 0.001347 0.000000 0.053253 0.998341 0.021879 0.742000 -0.002511 -0.021776 0.999760 -0.036200 0.000000 0.000000 0.000000 1.000000
0.998566 -0.052410 -0.010929 0.000000 0.052675 0.998285 0.025553 0.742000 0.009571 -0.026092 0.999614 -0.036200 0.000000 0.000000 0.000000 1.000000
0.998649 -0.047346 -0.021429 -0.000000 0.047943 0.998451 0.028218 0.742000 0.020060 -0.029207 0.999372 -0.036200 0.000000 0.000000 0.000000 1.000000
0.998857 -0.038966 -0.027671 -0.000000 0.039815 0.998732 0.030819 0.742000 0.026435 -0.031885 0.999142 -0.036200 0.000000 0.000000 0.000000 1.000000
0.999161 -0.028031 -0.029864 0.000000 0.029003 0.999047 0.032616 0.742000 0.028921 -0.033455 0.999022 -0.036200 0.000000 0.000000 0.000000 1.000000
0.999437 -0.016095 -0.029424 -0.000000 0.017011 0.999369 0.031180 0.742000 0.028904 -0.031663 0.999081 -0.036200 0.000000 0.000000 0.000000 1.000000
0.999619 -0.006412 -0.026849 0.000000 0.007098 0.999649 0.025542 0.742000 0.026675 -0.025722 0.999313 -0.036200 0.000000 0.000000 0.000000 1.000000
0.999768 0.004649 -0.021038 0.000000 -0.004329 0.999875 0.015230 0.742000 0.021106 -0.015135 0.999663 -0.036200 0.000000 0.000000 0.000000 1.000000
0.999659 0.023044 -0.012315 0.000000 -0.023036 0.999734 0.000836 0.742000 0.012331 -0.000552 0.999924 -0.036200 0.000000 0.000000 0.000000 1.000000
0.999500 0.031354 -0.004167 0.000000 -0.031416 0.999382 -0.015776 0.742000 0.003670 0.015899 0.999867 -0.036200 0.000000 0.000000 0.000000 1.000000
0.999030 0.043155 0.008799 0.000000 -0.042913 0.998738 -0.026093 0.742000 -0.009914 0.025690 0.999621 -0.036200 0.000000 0.000000 0.000000 1.000000
0.997832 0.062391 0.020966 -0.000000 -0.061749 0.997641 -0.030001 0.742000 -0.022789 0.028642 0.999330 -0.036200 0.000000 0.000000 0.000000 1.000000
0.997789 0.061146 0.026056 0.000000 -0.060143 0.997478 -0.037687 0.742000 -0.028295 0.036037 0.998950 -0.036200 0.000000 0.000000 0.000000 1.000000
0.998772 0.042073 0.026170 0.000000 -0.040861 0.998140 -0.045235 0.742000 -0.028024 0.044110 0.998634 -0.036200 0.000000 0.000000 0.000000 1.000000
0.999344 0.024917 0.026298 0.000000 -0.023669 0.998627 -0.046736 0.742000 -0.027426 0.046083 0.998561 -0.036200 0.000000 0.000000 0.000000 1.000000
0.999538 0.013370 0.027279 0.000000 -0.012237 0.999072 -0.041286 0.742000 -0.027806 0.040933 0.998775 -0.036200 0.000000 0.000000 0.000000 1.000000
0.999494 0.009489 0.030353 0.000000 -0.008577 0.999512 -0.030032 0.742000 -0.030623 0.029756 0.999088 -0.036200 0.000000 0.000000 0.000000 1.000000
0.999355 0.003671 0.035731 0.000000 -0.003018 0.999828 -0.018295 0.742000 -0.035792 0.018176 0.999194 -0.036200 0.000000 0.000000 0.000000 1.000000
0.999135 -0.004289 0.041352 0.000000 0.004497 0.999978 -0.004927 0.742000 -0.041330 0.005109 0.999132 -0.036200 0.000000 0.000000 0.000000 1.000000
0.998839 -0.008728 0.047370 0.000000 0.008349 0.999932 0.008193 0.742000 -0.047438 -0.007788 0.998844 -0.036200 0.000000 0.000000 0.000000 1.000000
0.998446 -0.011291 0.054564 0.000000 0.010425 0.999816 0.016129 0.742000 -0.054736 -0.015535 0.998380 -0.036200 0.000000 0.000000 0.000000 1.000000
0.998051 -0.012852 0.061068 0.000000 0.011733 0.999757 0.018653 0.742000 -0.061293 -0.017900 0.997959 -0.036200 0.000000 0.000000 0.000000 1.000000
0.997827 -0.012189 0.064756 0.000000 0.011113 0.999795 0.016942 0.742000 -0.064949 -0.016186 0.997757 -0.036200 0.000000 0.000000 0.000000 1.000000
0.997885 -0.008117 0.064492 -0.000000 0.007224 0.999875 0.014077 0.742000 -0.064598 -0.013581 0.997819 -0.036200 0.000000 0.000000 0.000000 1.000000
0.998070 -0.004412 0.061945 0.000000 0.003605 0.999907 0.013119 0.742000 -0.061997 -0.012871 0.997993 -0.036200 0.000000 0.000000 0.000000 1.000000
0.998169 -0.000262 0.060480 0.000000 -0.000564 0.999907 0.013643 0.742000 -0.060478 -0.013652 0.998076 -0.036200 0.000000 0.000000 0.000000 1.000000
0.998196 0.005542 0.059789 -0.000000 -0.006259 0.999911 0.011807 0.742000 -0.059718 -0.012160 0.998141 -0.036200 0.000000 0.000000 0.000000 1.000000
0.998317 0.007825 0.057455 0.000000 -0.008146 0.999953 0.005349 0.742000 -0.057410 -0.005808 0.998334 -0.036200 0.000000 0.000000 0.000000 1.000000
0.998676 0.003148 0.051347 -0.000000 -0.003265 0.999992 0.002193 0.742000 -0.051340 -0.002358 0.998678 -0.036200 0.000000 0.000000 0.000000 1.000000
0.999022 0.002687 0.044142 0.000000 -0.002860 0.999989 0.003845 0.742000 -0.044131 -0.003967 0.999018 -0.036200 0.000000 0.000000 0.000000 1.000000
0.999317 0.000047 0.036959 0.000000 -0.000288 0.999979 0.006532 0.742000 -0.036958 -0.006539 0.999295 -0.036200 0.000000 0.000000 0.000000 1.000000
0.999537 -0.012310 0.027835 0.000000 0.011979 0.999856 0.012045 0.742000 -0.027979 -0.011706 0.999540 -0.036200 0.000000 0.000000 0.000000 1.000000
0.999601 -0.020051 0.019911 -0.000000 0.019691 0.999642 0.018120 0.742000 -0.020268 -0.017720 0.999638 -0.036200 0.000000 0.000000 0.000000 1.000000
0.999585 -0.023718 0.016357 -0.000000 0.023319 0.999436 0.024157 0.742000 -0.016921 -0.023766 0.999574 -0.036200 0.000000 0.000000 0.000000 1.000000
0.999589 -0.025342 0.013414 -0.000000 0.024980 0.999337 0.026496 0.742000 -0.014076 -0.026150 0.999559 -0.036200 0.000000 0.000000 0.000000 1.000000
0.999793 -0.017397 0.010544 0.000000 0.017146 0.999579 0.023404 0.742000 -0.010947 -0.023218 0.999670 -0.036200 0.000000 0.000000 0.000000 1.000000
0.999954 -0.005617 0.007745 -0.000000 0.005472 0.999812 0.018622 0.742000 -0.007848 -0.018579 0.999797 -0.036200 0.000000 0.000000 0.000000 1.000000
0.999928 0.011516 0.003488 0.000000 -0.011569 0.999809 0.015778 0.742000 -0.003306 -0.015818 0.999869 -0.036200 0.000000 0.000000 0.000000 1.000000
0.999629 0.027242 -0.000650 0.000000 -0.027228 0.999497 0.016278 0.742000 0.001094 -0.016254 0.999867 -0.036200 0.000000 0.000000 0.000000 1.000000
0.999208 0.039730 -0.002024 -0.000000 -0.039689 0.999060 0.017454 0.742000 0.002716 -0.017360 0.999846 -0.036200 0.000000 0.000000 0.000000 1.000000
0.998877 0.047379 0.000163 0.000000 -0.047375 0.998742 0.016461 0.742000 0.000617 -0.016450 0.999864 -0.036200 0.000000 0.000000 0.000000 1.000000
0.999121 0.041920 0.000784 -0.000000 -0.041927 0.998976 0.017004 0.742000 -0.000070 -0.017022 0.999855 -0.036200 0.000000 0.000000 0.000000 1.000000
0.999684 0.025068 -0.001695 -0.000000 -0.025014 0.999330 0.026723 0.742000 0.002363 -0.026672 0.999641 -0.036200 0.000000 0.000000 0.000000 1.000000
0.999779 0.020647 0.004028 0.000000 -0.020814 0.998666 0.047262 0.742000 -0.003046 -0.047335 0.998874 -0.036200 0.000000 0.000000 0.000000 1.000000
0.999662 0.022440 0.013159 0.000000 -0.023273 0.997482 0.066998 0.742000 -0.011623 -0.067282 0.997666 -0.036200 0.000000 0.000000 0.000000 1.000000
0.999497 0.023512 0.021261 0.000000 -0.025049 0.996857 0.075155 0.742000 -0.019427 -0.075650 0.996945 -0.036200 0.000000 0.000000 0.000000 1.000000
0.999405 0.022236 0.026349 -0.000000 -0.024123 0.996995 0.073610 0.742000 -0.024633 -0.074202 0.996939 -0.036200 0.000000 0.000000 0.000000 1.000000
0.999673 0.011219 0.022979 0.000000 -0.012810 0.997444 0.070291 0.742000 -0.022132 -0.070562 0.997262 -0.036200 0.000000 0.000000 0.000000 1.000000
0.999832 -0.009552 0.015642 0.000000 0.008452 0.997585 0.068943 0.742000 -0.016263 -0.068799 0.997498 -0.036200 0.000000 0.000000 0.000000 1.000000
0.999344 -0.033860 0.012817 0.000000 0.032867 0.996931 0.071057 0.742000 -0.015184 -0.070589 0.997390 -0.036200 0.000000 0.000000 0.000000 1.000000
0.998469 -0.051599 0.019923 0.000000 0.049966 0.995914 0.075224 0.742000 -0.023723 -0.074113 0.996968 -0.036200 0.000000 0.000000 0.000000 1.000000
0.997327 -0.067035 0.029067 0.000000 0.064679 0.995040 0.075575 0.742000 -0.033989 -0.073493 0.996716 -0.036200 0.000000 0.000000 0.000000 1.000000
0.996316 -0.078426 0.034698 0.000000 0.075731 0.994441 0.073154 0.742000 -0.040243 -0.070257 0.996717 -0.036200 0.000000 0.000000 0.000000 1.000000
0.996177 -0.080665 0.033540 -0.000000 0.078062 0.994289 0.072771 0.742000 -0.039219 -0.069875 0.996785 -0.036200 0.000000 0.000000 0.000000 1.000000
0.997165 -0.071144 0.024485 0.000000 0.069234 0.995029 0.071588 0.742000 -0.029457 -0.069690 0.997134 -0.036200 0.000000 0.000000 0.000000 1.000000
0.998027 -0.060343 0.017343 -0.000000 0.058943 0.995642 0.072267 0.742000 -0.021628 -0.071102 0.997235 -0.036200 0.000000 0.000000 0.000000 1.000000
0.998057 -0.061737 0.008423 0.000000 0.060949 0.995398 0.073947 0.742000 -0.012949 -0.073290 0.997227 -0.036200 0.000000 0.000000 0.000000 1.000000
0.996928 -0.075644 -0.020296 0.000000 0.076939 0.994343 0.073233 0.742000 0.014641 -0.074570 0.997108 -0.036200 0.000000 0.000000 0.000000 1.000000
0.994780 -0.088800 -0.050273 0.000000 0.092287 0.993133 0.071902 0.742000 0.043543 -0.076166 0.996144 -0.036200 0.000000 0.000000 0.000000 1.000000
0.993276 -0.099149 -0.059775 0.000000 0.103413 0.991953 0.073035 0.742000 0.052052 -0.078726 0.995536 -0.036200 0.000000 0.000000 0.000000 1.000000
0.993143 -0.103771 -0.053843 0.000000 0.107954 0.990794 0.081684 0.742000 0.044871 -0.086936 0.995203 -0.036200 0.000000 0.000000 0.000000 1.000000
0.995915 -0.081774 -0.038284 0.000000 0.084765 0.992819 0.084406 0.742000 0.031107 -0.087307 0.995696 -0.036200 0.000000 0.000000 0.000000 1.000000
0.997885 -0.057960 -0.029431 0.000000 0.059871 0.995829 0.068844 0.742000 0.025318 -0.070460 0.997193 -0.036200 0.000000 0.000000 0.000000 1.000000
0.998428 -0.049628 -0.026050 0.000000 0.050879 0.997463 0.049784 0.742000 0.023513 -0.051031 0.998420 -0.036200 0.000000 0.000000 0.000000 1.000000
0.998581 -0.048652 -0.021633 -0.000000 0.049447 0.998059 0.037860 0.742000 0.019749 -0.038876 0.999049 -0.036200 0.000000 0.000000 0.000000 1.000000
0.998563 -0.050113 -0.018975 -0.000000 0.050665 0.998269 0.029864 0.742000 0.017445 -0.030783 0.999374 -0.036200 0.000000 0.000000 0.000000 1.000000
0.998375 -0.053434 -0.019782 -0.000000 0.053901 0.998261 0.023861 0.742000 0.018473 -0.024888 0.999520 -0.036200 0.000000 0.000000 0.000000 1.000000
0.998083 -0.058281 -0.020834 0.000000 0.058660 0.998115 0.018050 0.742000 0.019742 -0.019237 0.999620 -0.036200 0.000000 0.000000 0.000000 1.000000
0.997603 -0.065774 -0.021498 0.000000 0.066054 0.997737 0.012589 0.742000 0.020621 -0.013979 0.999690 -0.036200 0.000000 0.000000 0.000000 1.000000
0.997282 -0.070720 -0.020693 -0.000000 0.070930 0.997435 0.009609 0.742000 0.019961 -0.011050 0.999740 -0.036200 0.000000 0.000000 0.000000 1.000000
0.997156 -0.072973 -0.018859 -0.000000 0.073173 0.997268 0.010136 0.742000 0.018068 -0.011487 0.999771 -0.036200 0.000000 0.000000 0.000000 1.000000
0.997678 -0.066095 -0.016412 0.000000 0.066272 0.997746 0.010524 0.742000 0.015679 -0.011587 0.999810 -0.036200 0.000000 0.000000 0.000000 1.000000
0.997942 -0.062177 -0.015687 0.000000 0.062348 0.997997 0.010692 0.742000 0.014991 -0.011648 0.999820 -0.036200 0.000000 0.000000 0.000000 1.000000
0.997921 -0.062373 -0.016214 0.000000 0.062551 0.997985 0.010654 0.742000 0.015517 -0.011646 0.999812 -0.036200 0.000000 0.000000 0.000000 1.000000
0.997877 -0.062986 -0.016566 0.000000 0.063166 0.997947 0.010539 0.742000 0.015868 -0.011563 0.999807 -0.036200 0.000000 0.000000 0.000000 1.000000
0.997839 -0.063796 -0.015745 -0.000000 0.063975 0.997889 0.011139 0.742000 0.015001 -0.012122 0.999814 -0.036200 0.000000 0.000000 0.000000 1.000000
0.997688 -0.066228 -0.015259 0.000000 0.066407 0.997726 0.011553 0.742000 0.014459 -0.012540 0.999817 -0.036200 0.000000 0.000000 0.000000 1.000000
0.997458 -0.069553 -0.015520 0.000000 0.069737 0.997497 0.011645 0.742000 0.014672 -0.012698 0.999812 -0.036200 0.000000 0.000000 0.000000 1.000000
