<?xml version="1.0" encoding="utf-8"?>
<COLLADA xmlns="http://www.collada.org/2005/11/COLLADASchema" version="1.4.1">
  <asset>
    <contributor>
      <author>Mixamo</author>
      <authoring_tool>COLLADA Mixamo exporter</authoring_tool>
      <comments/>
    </contributor>
    <created>2022-11-14T10:29:48Z</created>
    <modified>2022-11-14T10:29:48Z</modified>
    <revision/>
    <title/>
    <unit meter="0.010000"/>
    <up_axis>Y_UP</up_axis>
  </asset>
  <library_animations>
    <animation id="mixamorig_Hips-anim" name="mixamorig_Hips">
      <source id="mixamorig_Hips-Matrix-animation-input">
        <float_array id="mixamorig_Hips-Matrix-animation-input-array" count="75">

0.000000 0.033333 0.066667 0.100000 0.133333 0.166667 0.200000 0.233333 0.266667 0.300000 0.333333 0.366667 0.400000 0.433333 0.466667 0.500000
0.533333 0.566667 0.600000 0.633333 0.666667 0.700000 0.733333 0.766667 0.800000 0.833333 0.866667 0.900000 0.933333 0.966667 1.000000 1.033333
1.066667 1.100000 1.133333 1.166667 1.200000 1.233333 1.266667 1.300000 1.333333 1.366667 1.400000 1.433333 1.466667 1.500000 1.533333 1.566667
1.600000 1.633333 1.666667 1.700000 1.733333 1.766667 1.800000 1.833333 1.866667 1.900000 1.933333 1.966667 2.000000 2.033333 2.066667 2.100000
2.133333 2.166667 2.200000 2.233333 2.266667 2.300000 2.333333 2.366667 2.400000 2.433333 2.466667</float_array>
        <technique_common>
          <accessor source="#mixamorig_Hips-Matrix-animation-input-array" count="75">
            <param name="TIME" type="float"/>
          </accessor>
        </technique_common>
      </source>
      <source id="mixamorig_Hips-Matrix-animation-output-transform">
        <float_array id="mixamorig_Hips-Matrix-animation-output-transform-array" count="1200">

0.994217 0.056608 -0.091257 -0.009349 -0.050725 0.996559 0.065549 7.268497 0.094653 -0.060541 0.993668 0.012955 0.000000 0.000000 0.000000 1.000000
0.994165 0.056668 -0.091788 -0.010045 -0.050752 0.996558 0.065549 7.268462 0.095186 -0.060508 0.993619 0.011531 0.000000 0.000000 0.000000 1.000000
0.994058 0.056892 -0.092796 -0.010769 -0.050915 0.996549 0.065550 7.268421 0.096205 -0.060436 0.993525 0.009792 0.000000 0.000000 0.000000 1.000000
0.993870 0.057208 -0.094599 -0.011626 -0.051123 0.996539 0.065551 7.268368 0.098022 -0.060313 0.993355 0.007785 0.000000 0.000000 0.000000 1.000000
0.993588 0.057676 -0.097246 -0.012565 -0.051430 0.996523 0.065552 7.268260 0.100688 -0.060130 0.993099 0.005480 0.000000 0.000000 0.000000 1.000000
0.993182 0.058378 -0.100903 -0.013613 -0.051915 0.996499 0.065528 7.268055 0.104376 -0.059843 0.992736 0.002742 0.000000 0.000000 0.000000 1.000000
0.992618 0.059263 -0.105819 -0.015054 -0.052532 0.996482 0.065301 7.267834 0.109317 -0.059260 0.992239 -0.000377 0.000000 0.000000 0.000000 1.000000
0.991830 0.060269 -0.112429 -0.017093 -0.053181 0.996466 0.065020 7.267723 0.115950 -0.058510 0.991530 -0.003722 0.000000 0.000000 0.000000 1.000000
0.990775 0.061387 -0.120819 -0.019691 -0.053836 0.996445 0.064800 7.267698 0.124367 -0.057698 0.990557 -0.006989 0.000000 0.000000 0.000000 1.000000
0.989438 0.062733 -0.130682 -0.022585 -0.054651 0.996417 0.064549 7.267638 0.134263 -0.056726 0.989321 -0.009789 0.000000 0.000000 0.000000 1.000000
0.987849 0.064323 -0.141484 -0.025493 -0.055695 0.996387 0.064123 7.267416 0.145097 -0.055463 0.987862 -0.011669 0.000000 0.000000 0.000000 1.000000
0.986083 0.066022 -0.152581 -0.028612 -0.056846 0.996346 0.063742 7.267140 0.156232 -0.054181 0.986233 -0.013042 0.000000 0.000000 0.000000 1.000000
0.984225 0.067879 -0.163379 -0.032207 -0.058159 0.996282 0.063563 7.266940 0.167086 -0.053058 0.984514 -0.014649 0.000000 0.000000 0.000000 1.000000
0.982363 0.069916 -0.173421 -0.036003 -0.059690 0.996195 0.063506 7.266768 0.177201 -0.052034 0.982798 -0.016379 0.000000 0.000000 0.000000 1.000000
0.980625 0.071891 -0.182227 -0.039490 -0.061225 0.996102 0.063503 7.266541 0.186081 -0.051116 0.981204 -0.017531 0.000000 0.000000 0.000000 1.000000
0.979083 0.073651 -0.189661 -0.042444 -0.062609 0.996011 0.063576 7.266223 0.193587 -0.050372 0.979789 -0.017726 0.000000 0.000000 0.000000 1.000000
0.977764 0.075184 -0.195765 -0.044779 -0.063796 0.995918 0.063854 7.265852 0.199767 -0.049945 0.978570 -0.017237 0.000000 0.000000 0.000000 1.000000
0.976633 0.076490 -0.200841 -0.046355 -0.064763 0.995825 0.064337 7.265470 0.204923 -0.049827 0.977509 -0.016376 0.000000 0.000000 0.000000 1.000000
0.975677 0.077615 -0.205013 -0.047295 -0.065566 0.995733 0.064938 7.265108 0.209178 -0.049917 0.976603 -0.015445 0.000000 0.000000 0.000000 1.000000
0.974889 0.078616 -0.208354 -0.047890 -0.066328 0.995657 0.065331 7.264768 0.212585 -0.049871 0.975869 -0.014676 0.000000 0.000000 0.000000 1.000000
0.974274 0.079400 -0.210919 -0.047939 -0.066986 0.995610 0.065371 7.264576 0.215184 -0.049561 0.975315 -0.014025 0.000000 0.000000 0.000000 1.000000
0.973801 0.079968 -0.212879 -0.047380 -0.067517 0.995589 0.065142 7.264567 0.217149 -0.049062 0.974905 -0.013402 0.000000 0.000000 0.000000 1.000000
0.973486 0.080334 -0.214176 -0.046485 -0.067903 0.995586 0.064795 7.264642 0.218435 -0.048534 0.974644 -0.012734 0.000000 0.000000 0.000000 1.000000
0.973336 0.080504 -0.214792 -0.045434 -0.068083 0.995584 0.064628 7.264788 0.219046 -0.048281 0.974519 -0.012053 0.000000 0.000000 0.000000 1.000000
0.973349 0.080520 -0.214729 -0.044448 -0.068089 0.995580 0.064684 7.264992 0.218988 -0.048339 0.974529 -0.011394 0.000000 0.000000 0.000000 1.000000
0.973484 0.080455 -0.214138 -0.043746 -0.068020 0.995575 0.064829 7.265131 0.218407 -0.048545 0.974650 -0.010793 0.000000 0.000000 0.000000 1.000000
0.973725 0.080280 -0.213106 -0.043353 -0.067852 0.995575 0.065013 7.265128 0.217383 -0.048845 0.974864 -0.010183 0.000000 0.000000 0.000000 1.000000
0.974096 0.079966 -0.211526 -0.043195 -0.067552 0.995577 0.065289 7.265059 0.215811 -0.049309 0.975189 -0.009526 0.000000 0.000000 0.000000 1.000000
0.974651 0.079551 -0.209110 -0.043241 -0.067154 0.995574 0.065742 7.265042 0.213414 -0.050033 0.975680 -0.008945 0.000000 0.000000 0.000000 1.000000
0.975445 0.078983 -0.205596 -0.043381 -0.066615 0.995566 0.066408 7.265048 0.209929 -0.051082 0.976381 -0.008483 0.000000 0.000000 0.000000 1.000000
0.976506 0.078185 -0.200805 -0.043673 -0.065868 0.995555 0.067314 7.264981 0.205175 -0.052506 0.977316 -0.008158 0.000000 0.000000 0.000000 1.000000
0.977820 0.077131 -0.194727 -0.044322 -0.064897 0.995541 0.068451 7.264972 0.199139 -0.054296 0.978466 -0.007937 0.000000 0.000000 0.000000 1.000000
0.979318 0.075854 -0.187569 -0.045333 -0.063745 0.995524 0.069772 7.265091 0.192022 -0.056372 0.979770 -0.007404 0.000000 0.000000 0.000000 1.000000
0.980911 0.074543 -0.179601 -0.046550 -0.062582 0.995484 0.071373 7.265007 0.184111 -0.058771 0.981147 -0.006174 0.000000 0.000000 0.000000 1.000000
0.982512 0.073477 -0.171091 -0.047824 -0.061697 0.995408 0.073186 7.264595 0.175683 -0.061350 0.982533 -0.004674 0.000000 0.000000 0.000000 1.000000
0.984108 0.072753 -0.161981 -0.049145 -0.061266 0.995313 0.074819 7.264209 0.166665 -0.063706 0.983953 -0.003674 0.000000 0.000000 0.000000 1.000000
0.985714 0.072166 -0.152185 -0.050481 -0.061128 0.995232 0.076005 7.264192 0.156944 -0.065617 0.985425 -0.003165 0.000000 0.000000 0.000000 1.000000
0.987310 0.071562 -0.141770 -0.051409 -0.061123 0.995181 0.076669 7.264488 0.146574 -0.067031 0.986926 -0.002864 0.000000 0.000000 0.000000 1.000000
0.988808 0.070910 -0.131263 -0.051516 -0.061153 0.995159 0.076932 7.264930 0.136082 -0.068043 0.988358 -0.002933 0.000000 0.000000 0.000000 1.000000
0.990154 0.069969 -0.121243 -0.050829 -0.060914 0.995180 0.076854 7.265431 0.126036 -0.068712 0.989643 -0.003549 0.000000 0.000000 0.000000 1.000000
0.991373 0.068402 -0.111807 -0.049535 -0.060068 0.995275 0.076284 7.265872 0.116497 -0.068910 0.990798 -0.004875 0.000000 0.000000 0.000000 1.000000
0.992461 0.066290 -0.103087 -0.047578 -0.058712 0.995462 0.074887 7.266236 0.107583 -0.068270 0.991849 -0.007161 0.000000 0.000000 0.000000 1.000000
0.993334 0.064039 -0.095847 -0.045285 -0.057121 0.995675 0.073265 7.266579 0.100124 -0.067301 0.992696 -0.009370 0.000000 0.000000 0.000000 1.000000
0.993932 0.061969 -0.090884 -0.043262 -0.055483 0.995843 0.072237 7.266858 0.094983 -0.066756 0.993238 -0.010093 0.000000 0.000000 0.000000 1.000000
0.994314 0.060212 -0.087833 -0.041765 -0.053985 0.995969 0.071631 7.267021 0.091792 -0.066482 0.993556 -0.009515 0.000000 0.000000 0.000000 1.000000
0.994534 0.058853 -0.086246 -0.040769 -0.052779 0.996073 0.071086 7.267067 0.090091 -0.066145 0.993735 -0.008391 0.000000 0.000000 0.000000 1.000000
0.994623 0.057979 -0.085816 -0.040322 -0.051990 0.996160 0.070444 7.267105 0.089571 -0.065603 0.993818 -0.007320 0.000000 0.000000 0.000000 1.000000
0.994620 0.057571 -0.086124 -0.040359 -0.051633 0.996234 0.069649 7.267153 0.089809 -0.064827 0.993847 -0.006434 0.000000 0.000000 0.000000 1.000000
0.994585 0.057439 -0.086615 -0.040803 -0.051526 0.996284 0.069018 7.267147 0.090257 -0.064182 0.993848 -0.005180 0.000000 0.000000 0.000000 1.000000
0.994569 0.057351 -0.086850 -0.041414 -0.051430 0.996294 0.068950 7.267094 0.090483 -0.064109 0.993832 -0.003112 0.000000 0.000000 0.000000 1.000000
0.994613 0.057168 -0.086469 -0.041487 -0.051266 0.996298 0.069001 7.267081 0.090094 -0.064196 0.993862 -0.001040 0.000000 0.000000 0.000000 1.000000
0.994723 0.056906 -0.085373 -0.040614 -0.051104 0.996330 0.068664 7.267119 0.088967 -0.063939 0.993980 0.000160 0.000000 0.000000 0.000000 1.000000
0.994867 0.056543 -0.083925 -0.038994 -0.050886 0.996381 0.068078 7.267243 0.087470 -0.063458 0.994144 0.000770 0.000000 0.000000 0.000000 1.000000
0.994991 0.056068 -0.082759 -0.036630 -0.050528 0.996433 0.067586 7.267482 0.086253 -0.063066 0.994275 0.001106 0.000000 0.000000 0.000000 1.000000
0.995053 0.055623 -0.082314 -0.033606 -0.050144 0.996479 0.067197 7.267752 0.085762 -0.062737 0.994338 0.001335 0.000000 0.000000 0.000000 1.000000
0.995049 0.055348 -0.082544 -0.030387 -0.049879 0.996512 0.066897 7.267984 0.085959 -0.062449 0.994340 0.001927 0.000000 0.000000 0.000000 1.000000
0.994981 0.055136 -0.083506 -0.027286 -0.049614 0.996531 0.066816 7.268147 0.086901 -0.062338 0.994265 0.003173 0.000000 0.000000 0.000000 1.000000
0.994865 0.054922 -0.085012 -0.024566 -0.049307 0.996547 0.066801 7.268212 0.088387 -0.062266 0.994138 0.004750 0.000000 0.000000 0.000000 1.000000
0.994722 0.054959 -0.086651 -0.022429 -0.049238 0.996549 0.066829 7.268258 0.090024 -0.062210 0.993995 0.006156 0.000000 0.000000 0.000000 1.000000
0.994563 0.055102 -0.088363 -0.020814 -0.049270 0.996544 0.066872 7.268306 0.091742 -0.062155 0.993841 0.007727 0.000000 0.000000 0.000000 1.000000
0.994393 0.055310 -0.090129 -0.019609 -0.049366 0.996538 0.066901 7.268313 0.093518 -0.062076 0.993681 0.009654 0.000000 0.000000 0.000000 1.000000
0.994246 0.055595 -0.091560 -0.018920 -0.049563 0.996529 0.066891 7.268250 0.094961 -0.061968 0.993550 0.011474 0.000000 0.000000 0.000000 1.000000
0.994147 0.055910 -0.092444 -0.018506 -0.049834 0.996522 0.066787 7.268139 0.095856 -0.061789 0.993476 0.012963 0.000000 0.000000 0.000000 1.000000
0.994084 0.056128 -0.092988 -0.018036 -0.050034 0.996523 0.066622 7.268119 0.096404 -0.061575 0.993436 0.014273 0.000000 0.000000 0.000000 1.000000
0.994042 0.056248 -0.093361 -0.017359 -0.050143 0.996526 0.066500 7.268199 0.096777 -0.061422 0.993409 0.015430 0.000000 0.000000 0.000000 1.000000
0.994017 0.056297 -0.093601 -0.016476 -0.050184 0.996529 0.066425 7.268227 0.097016 -0.061330 0.993391 0.016345 0.000000 0.000000 0.000000 1.000000
0.994000 0.056310 -0.093770 -0.015344 -0.050197 0.996535 0.066318 7.268164 0.097180 -0.061213 0.993383 0.016868 0.000000 0.000000 0.000000 1.000000
0.993993 0.056297 -0.093852 -0.014016 -0.050195 0.996546 0.066155 7.268120 0.097252 -0.061047 0.993386 0.016905 0.000000 0.000000 0.000000 1.000000
0.994005 0.056264 -0.093750 -0.012726 -0.050189 0.996561 0.065939 7.268146 0.097137 -0.060838 0.993410 0.016544 0.000000 0.000000 0.000000 1.000000
0.994047 0.056219 -0.093328 -0.011619 -0.050193 0.996576 0.065709 7.268198 0.096703 -0.060634 0.993465 0.015927 0.000000 0.000000 0.000000 1.000000
0.994108 0.056188 -0.092694 -0.010720 -0.050221 0.996588 0.065500 7.268253 0.096058 -0.060459 0.993538 0.015189 0.000000 0.000000 0.000000 1.000000
0.994169 0.056211 -0.092018 -0.010055 -0.050299 0.996593 0.065361 7.268338 0.095378 -0.060351 0.993610 0.014412 0.000000 0.000000 0.000000 1.000000
0.994216 0.056267 -0.091479 -0.009656 -0.050390 0.996591 0.065330 7.268436 0.094843 -0.060343 0.993662 0.013726 0.000000 0.000000 0.000000 1.000000
0.994233 0.056372 -0.091234 -0.009463 -0.050512 0.996585 0.065321 7.268507 0.094605 -0.060336 0.993685 0.013284 0.000000 0.000000 0.000000 1.000000
0.994228 0.056454 -0.091235 -0.009426 -0.050594 0.996581 0.065322 7.268492 0.094610 -0.060329 0.993685 0.013073 0.000000 0.000000 0.000000 1.000000</float_array>
        <technique_common>
          <accessor source="#mixamorig_Hips-Matrix-animation-output-transform-array" count="75" stride="16">
            <param type="float4x4"/>
          </accessor>
        </technique_common>
      </source>
      <source id="mixamorig_Hips-Interpolations">
        <Name_array id="mixamorig_Hips-Interpolations-array" count="75">
 LINEAR LINEAR LINEAR LINEAR LINEAR LINEAR LINEAR LINEAR LINEAR LINEAR LINEAR
LINEAR LINEAR LINEAR LINEAR LINEAR LINEAR LINEAR LINEAR LINEAR LINEAR LINEAR LINEAR
LINEAR LINEAR LINEAR LINEAR LINEAR LINEAR LINEAR LINEAR LINEAR LINEAR LINEAR LINEAR
LINEAR LINEAR LINEAR LINEAR LINEAR LINEAR LINEAR LINEAR LINEAR LINEAR LINEAR LINEAR
LINEAR LINEAR LINEAR LINEAR LINEAR LINEAR LINEAR LINEAR LINEAR LINEAR LINEAR LINEAR
LINEAR LINEAR LINEAR LINEAR LINEAR LINEAR LINEAR LINEAR LINEAR LINEAR LINEAR LINEAR
LINEAR LINEAR LINEAR LINEAR</Name_array>
        <technique_common>
          <accessor source="#mixamorig_Hips-Interpolations-array" count="75">
            <param type="name"/>
          </accessor>
        </technique_common>
      </source>
      <sampler id="mixamorig_Hips-Matrix-animation-transform">
        <input semantic="INPUT" source="#mixamorig_Hips-Matrix-animation-input"/>
        <input semantic="OUTPUT" source="#mixamorig_Hips-Matrix-animation-output-transform"/>
        <input semantic="INTERPOLATION" source="#mixamorig_Hips-Interpolations"/>
      </sampler>
      <channel source="#mixamorig_Hips-Matrix-animation-transform" target="mixamorig_Hips/matrix"/>
    </animation>
    <animation id="mixamorig_Spine-anim" name="mixamorig_Spine">
      <source id="mixamorig_Spine-Matrix-animation-input">
        <float_array id="mixamorig_Spine-Matrix-animation-input-array" count="75">

0.000000 0.033333 0.066667 0.100000 0.133333 0.166667 0.200000 0.233333 0.266667 0.300000 0.333333 0.366667 0.400000 0.433333 0.466667 0.500000
0.533333 0.566667 0.600000 0.633333 0.666667 0.700000 0.733333 0.766667 0.800000 0.833333 0.866667 0.900000 0.933333 0.966667 1.000000 1.033333
1.066667 1.100000 1.133333 1.166667 1.200000 1.233333 1.266667 1.300000 1.333333 1.366667 1.400000 1.433333 1.466667 1.500000 1.533333 1.566667
1.600000 1.633333 1.666667 1.700000 1.733333 1.766667 1.800000 1.833333 1.866667 1.900000 1.933333 1.966667 2.000000 2.033333 2.066667 2.100000
2.133333 2.166667 2.200000 2.233333 2.266667 2.300000 2.333333 2.366667 2.400000 2.433333 2.466667</float_array>
        <technique_common>
          <accessor source="#mixamorig_Spine-Matrix-animation-input-array" count="75">
            <param name="TIME" type="float"/>
          </accessor>
        </technique_common>
      </source>
      <source id="mixamorig_Spine-Matrix-animation-output-transform">
        <float_array id="mixamorig_Spine-Matrix-animation-output-transform-array" count="1200">

0.998885 -0.040152 0.024825 0.000000 0.040392 0.999141 -0.009232 0.742000 -0.024433 0.010224 0.999649 -0.036200 0.000000 0.000000 0.000000 1.000000
0.998885 -0.040151 0.024826 -0.000000 0.040391 0.999141 -0.009232 0.742000 -0.024434 0.010224 0.999649 -0.036200 0.000000 0.000000 0.000000 1.000000
0.998885 -0.040146 0.024828 0.000000 0.040385 0.999142 -0.009233 0.742000 -0.024436 0.010225 0.999649 -0.036200 0.000000 0.000000 0.000000 1.000000
0.998882 -0.040228 0.024826 0.000000 0.040467 0.999139 -0.009190 0.742000 -0.024435 0.010185 0.999650 -0.036200 0.000000 0.000000 0.000000 1.000000
0.998878 -0.040319 0.024825 -0.000000 0.040557 0.999135 -0.009161 0.742000 -0.024435 0.010158 0.999650 -0.036200 0.000000 0.000000 0.000000 1.000000
0.998880 -0.040410 0.024620 0.000000 0.040645 0.999132 -0.009109 0.742000 -0.024231 0.010099 0.999655 -0.036200 0.000000 0.000000 0.000000 1.000000
0.998887 -0.040448 0.024243 0.000000 0.040676 0.999132 -0.008970 0.742000 -0.023860 0.009946 0.999666 -0.036200 0.000000 0.000000 0.000000 1.000000
0.998898 -0.040462 0.023767 0.000000 0.040680 0.999134 -0.008767 0.742000 -0.023392 0.009724 0.999679 -0.036200 0.000000 0.000000 0.000000 1.000000
0.998910 -0.040477 0.023263 0.000000 0.040687 0.999135 -0.008645 0.742000 -0.022893 0.009582 0.999692 -0.036200 0.000000 0.000000 0.000000 1.000000
0.998921 -0.040474 0.022769 0.000000 0.040677 0.999136 -0.008511 0.742000 -0.022405 0.009428 0.999705 -0.036200 0.000000 0.000000 0.000000 1.000000
0.998932 -0.040440 0.022344 0.000000 0.040632 0.999140 -0.008212 0.742000 -0.021993 0.009111 0.999717 -0.036200 0.000000 0.000000 0.000000 1.000000
0.998942 -0.040380 0.021990 -0.000000 0.040562 0.999146 -0.007870 0.742000 -0.021653 0.008754 0.999727 -0.036200 0.000000 0.000000 0.000000 1.000000
0.998955 -0.040261 0.021651 0.000000 0.040434 0.999153 -0.007616 0.742000 -0.021326 0.008484 0.999737 -0.036200 0.000000 0.000000 0.000000 1.000000
0.998969 -0.040070 0.021321 0.000000 0.040235 0.999163 -0.007399 0.742000 -0.021006 0.008249 0.999745 -0.036200 0.000000 0.000000 0.000000 1.000000
0.998985 -0.039858 0.020991 0.000000 0.040017 0.999173 -0.007179 0.742000 -0.020688 0.008012 0.999754 -0.036200 0.000000 0.000000 0.000000 1.000000
0.999001 -0.039621 0.020651 0.000000 0.039772 0.999185 -0.006954 0.742000 -0.020359 0.007768 0.999763 -0.036200 0.000000 0.000000 0.000000 1.000000
0.999017 -0.039383 0.020331 0.000000 0.039527 0.999196 -0.006746 0.742000 -0.020049 0.007543 0.999771 -0.036200 0.000000 0.000000 0.000000 1.000000
0.999031 -0.039152 0.020103 -0.000000 0.039293 0.999206 -0.006637 0.742000 -0.019827 0.007420 0.999776 -0.036200 0.000000 0.000000 0.000000 1.000000
0.999041 -0.038955 0.019970 0.000000 0.039093 0.999214 -0.006594 0.742000 -0.019697 0.007368 0.999779 -0.036200 0.000000 0.000000 0.000000 1.000000
0.999048 -0.038841 0.019840 0.000000 0.038978 0.999218 -0.006574 0.742000 -0.019569 0.007341 0.999782 -0.036200 0.000000 0.000000 0.000000 1.000000
0.999053 -0.038793 0.019696 0.000000 0.038929 0.999220 -0.006573 0.742000 -0.019426 0.007333 0.999784 -0.036200 0.000000 0.000000 0.000000 1.000000
0.999056 -0.038751 0.019621 0.000000 0.038887 0.999222 -0.006582 0.742000 -0.019351 0.007339 0.999786 -0.036200 0.000000 0.000000 0.000000 1.000000
0.999058 -0.038716 0.019576 0.000000 0.038852 0.999223 -0.006594 0.742000 -0.019306 0.007349 0.999787 -0.036200 0.000000 0.000000 0.000000 1.000000
0.999060 -0.038691 0.019550 0.000000 0.038827 0.999224 -0.006611 0.742000 -0.019279 0.007363 0.999787 -0.036200 0.000000 0.000000 0.000000 1.000000
0.999061 -0.038674 0.019545 -0.000000 0.038811 0.999224 -0.006688 0.742000 -0.019271 0.007441 0.999787 -0.036200 0.000000 0.000000 0.000000 1.000000
0.999061 -0.038655 0.019562 -0.000000 0.038794 0.999224 -0.006792 0.742000 -0.019285 0.007544 0.999786 -0.036200 0.000000 0.000000 0.000000 1.000000
0.999061 -0.038629 0.019604 0.000000 0.038771 0.999224 -0.006915 0.742000 -0.019322 0.007669 0.999784 -0.036200 0.000000 0.000000 0.000000 1.000000
0.999060 -0.038598 0.019709 0.000000 0.038744 0.999224 -0.007049 0.742000 -0.019421 0.007806 0.999781 -0.036200 0.000000 0.000000 0.000000 1.000000
0.999060 -0.038559 0.019800 0.000000 0.038708 0.999225 -0.007184 0.742000 -0.019508 0.007944 0.999778 -0.036200 0.000000 0.000000 0.000000 1.000000
0.999061 -0.038518 0.019837 0.000000 0.038669 0.999225 -0.007329 0.742000 -0.019540 0.008089 0.999776 -0.036200 0.000000 0.000000 0.000000 1.000000
0.999063 -0.038453 0.019861 0.000000 0.038609 0.999226 -0.007538 0.742000 -0.019556 0.008298 0.999774 -0.036200 0.000000 0.000000 0.000000 1.000000
0.999064 -0.038398 0.019906 -0.000000 0.038560 0.999226 -0.007789 0.742000 -0.019592 0.008549 0.999772 -0.036200 0.000000 0.000000 0.000000 1.000000
0.999062 -0.038397 0.020034 0.000000 0.038563 0.999224 -0.007962 0.742000 -0.019713 0.008727 0.999768 -0.036200 0.000000 0.000000 0.000000 1.000000
0.999055 -0.038427 0.020319 0.000000 0.038597 0.999222 -0.008062 0.742000 -0.019993 0.008838 0.999761 -0.036200 0.000000 0.000000 0.000000 1.000000
0.999045 -0.038441 0.020773 0.000000 0.038618 0.999220 -0.008208 0.742000 -0.020441 0.009002 0.999751 -0.036200 0.000000 0.000000 0.000000 1.000000
0.999034 -0.038385 0.021380 -0.000000 0.038571 0.999221 -0.008367 0.742000 -0.021042 0.009184 0.999736 -0.036200 0.000000 0.000000 0.000000 1.000000
0.999029 -0.038170 0.022010 0.000000 0.038363 0.999229 -0.008404 0.742000 -0.021672 0.009240 0.999722 -0.036200 0.000000 0.000000 0.000000 1.000000
0.999030 -0.037838 0.022506 -0.000000 0.038035 0.999241 -0.008363 0.742000 -0.022173 0.009211 0.999712 -0.036200 0.000000 0.000000 0.000000 1.000000
0.999030 -0.037610 0.022912 0.000000 0.037806 0.999251 -0.008194 0.742000 -0.022586 0.009052 0.999704 -0.036200 0.000000 0.000000 0.000000 1.000000
0.999022 -0.037543 0.023344 -0.000000 0.037740 0.999255 -0.008075 0.742000 -0.023024 0.008948 0.999695 -0.036200 0.000000 0.000000 0.000000 1.000000
0.999014 -0.037537 0.023707 0.000000 0.037737 0.999256 -0.008014 0.742000 -0.023389 0.008900 0.999687 -0.036200 0.000000 0.000000 0.000000 1.000000
0.999008 -0.037621 0.023829 0.000000 0.037820 0.999253 -0.007967 0.742000 -0.023512 0.008861 0.999684 -0.036200 0.000000 0.000000 0.000000 1.000000
0.998997 -0.037879 0.023874 0.000000 0.038078 0.999243 -0.007935 0.742000 -0.023556 0.008836 0.999683 -0.036200 0.000000 0.000000 0.000000 1.000000
0.998981 -0.038232 0.023970 0.000000 0.038432 0.999230 -0.007915 0.742000 -0.023648 0.008828 0.999681 -0.036200 0.000000 0.000000 0.000000 1.000000
0.998962 -0.038592 0.024183 0.000000 0.038793 0.999216 -0.007909 0.742000 -0.023859 0.008839 0.999676 -0.036200 0.000000 0.000000 0.000000 1.000000
0.998948 -0.038877 0.024338 0.000000 0.039080 0.999205 -0.007921 0.742000 -0.024011 0.008864 0.999672 -0.036200 0.000000 0.000000 0.000000 1.000000
0.998937 -0.039104 0.024420 0.000000 0.039309 0.999195 -0.007954 0.742000 -0.024089 0.008905 0.999670 -0.036200 0.000000 0.000000 0.000000 1.000000
0.998926 -0.039324 0.024521 0.000000 0.039532 0.999186 -0.008038 0.742000 -0.024185 0.008999 0.999667 -0.036200 0.000000 0.000000 0.000000 1.000000
0.998913 -0.039490 0.024747 -0.000000 0.039703 0.999178 -0.008169 0.742000 -0.024404 0.009143 0.999660 -0.036200 0.000000 0.000000 0.000000 1.000000
0.998904 -0.039560 0.025021 0.000000 0.039780 0.999173 -0.008367 0.742000 -0.024669 0.009354 0.999652 -0.036200 0.000000 0.000000 0.000000 1.000000
0.998899 -0.039593 0.025160 0.000000 0.039820 0.999170 -0.008590 0.742000 -0.024799 0.009582 0.999647 -0.036200 0.000000 0.000000 0.000000 1.000000
0.998898 -0.039600 0.025185 -0.000000 0.039830 0.999168 -0.008718 0.742000 -0.024819 0.009711 0.999645 -0.036200 0.000000 0.000000 0.000000 1.000000
0.998899 -0.039603 0.025152 0.000000 0.039835 0.999168 -0.008776 0.742000 -0.024784 0.009769 0.999645 -0.036200 0.000000 0.000000 0.000000 1.000000
0.998899 -0.039632 0.025088 0.000000 0.039864 0.999166 -0.008802 0.742000 -0.024718 0.009792 0.999647 -0.036200 0.000000 0.000000 0.000000 1.000000
0.998900 -0.039695 0.024974 0.000000 0.039926 0.999164 -0.008816 0.742000 -0.024603 0.009804 0.999649 -0.036200 0.000000 0.000000 0.000000 1.000000
0.998896 -0.039825 0.024915 0.000000 0.040056 0.999158 -0.008828 0.742000 -0.024543 0.009816 0.999651 -0.036200 0.000000 0.000000 0.000000 1.000000
0.998893 -0.039892 0.024912 0.000000 0.040123 0.999156 -0.008837 0.742000 -0.024539 0.009826 0.999651 -0.036200 0.000000 0.000000 0.000000 1.000000
0.998893 -0.039914 0.024912 0.000000 0.040145 0.999155 -0.008842 0.742000 -0.024538 0.009833 0.999651 -0.036200 0.000000 0.000000 0.000000 1.000000
0.998892 -0.039925 0.024913 0.000000 0.040157 0.999154 -0.008849 0.742000 -0.024538 0.009840 0.999650 -0.036200 0.000000 0.000000 0.000000 1.000000
0.998892 -0.039933 0.024915 -0.000000 0.040165 0.999154 -0.008856 0.742000 -0.024540 0.009847 0.999650 -0.036200 0.000000 0.000000 0.000000 1.000000
0.998891 -0.039940 0.024917 0.000000 0.040172 0.999153 -0.008864 0.742000 -0.024542 0.009855 0.999650 -0.036200 0.000000 0.000000 0.000000 1.000000
0.998891 -0.039937 0.024920 0.000000 0.040169 0.999153 -0.008873 0.742000 -0.024544 0.009864 0.999650 -0.036200 0.000000 0.000000 0.000000 1.000000
0.998892 -0.039926 0.024922 0.000000 0.040158 0.999154 -0.008886 0.742000 -0.024546 0.009877 0.999650 -0.036200 0.000000 0.000000 0.000000 1.000000
0.998892 -0.039916 0.024924 0.000000 0.040148 0.999154 -0.008900 0.742000 -0.024548 0.009891 0.999650 -0.036200 0.000000 0.000000 0.000000 1.000000
0.998892 -0.039909 0.024925 0.000000 0.040142 0.999154 -0.008916 0.742000 -0.024548 0.009907 0.999650 -0.036200 0.000000 0.000000 0.000000 1.000000
0.998893 -0.039905 0.024926 -0.000000 0.040139 0.999154 -0.008935 0.742000 -0.024548 0.009926 0.999649 -0.036200 0.000000 0.000000 0.000000 1.000000
0.998893 -0.039901 0.024927 -0.000000 0.040135 0.999154 -0.008968 0.742000 -0.024548 0.009959 0.999649 -0.036200 0.000000 0.000000 0.000000 1.000000
0.998893 -0.039897 0.024927 -0.000000 0.040132 0.999154 -0.009012 0.742000 -0.024546 0.010003 0.999649 -0.036200 0.000000 0.000000 0.000000 1.000000
0.998893 -0.039890 0.024927 0.000000 0.040127 0.999154 -0.009060 0.742000 -0.024544 0.010050 0.999648 -0.036200 0.000000 0.000000 0.000000 1.000000
0.998893 -0.039882 0.024926 0.000000 0.040119 0.999153 -0.009108 0.742000 -0.024542 0.010098 0.999648 -0.036200 0.000000 0.000000 0.000000 1.000000
0.998894 -0.039871 0.024926 0.000000 0.040109 0.999154 -0.009116 0.742000 -0.024541 0.010106 0.999648 -0.036200 0.000000 0.000000 0.000000 1.000000
0.998894 -0.039861 0.024926 0.000000 0.040099 0.999154 -0.009118 0.742000 -0.024541 0.010107 0.999648 -0.036200 0.000000 0.000000 0.000000 1.000000
0.998895 -0.039855 0.024926 0.000000 0.040093 0.999154 -0.009119 0.742000 -0.024541 0.010108 0.999648 -0.036200 0.000000 0.000000 0.000000 1.000000
0.998895 -0.039846 0.024926 0.000000 0.040083 0.999155 -0.009121 0.742000 -0.024542 0.010110 0.999648 -0.036200 0.000000 0.000000 0.000000 1.000000
0.998895 -0.039841 0.024927 -0.000000 0.040079 0.999155 -0.009122 0.742000 -0.024542 0.010111 0.999648 -0.036200 0.000000 0.000000 0.000000 1.000000</float_array>
        <technique_common>
          <accessor source="#mixamorig_Spine-Matrix-animation-output-transform-array" count="75" stride="16">
            <param type="float4x4"/>
          </accessor>
        </technique_common>
      </source>
      <source id="mixamorig_Spine-Interpolations">
        <Name_array id="mixamorig_Spine-Interpolations-array" count="75">
 LINEAR LINEAR LINEAR LINEAR LINEAR LINEAR LINEAR LINEAR LINEAR LINEAR LINEAR
LINEAR LINEAR LINEAR LINEAR LINEAR LINEAR LINEAR LINEAR LINEAR LINEAR LINEAR LINEAR
LINEAR LINEAR LINEAR LINEAR LINEAR LINEAR LINEAR LINEAR LINEAR LINEAR LINEAR LINEAR
LINEAR LINEAR LINEAR LINEAR LINEAR LINEAR LINEAR LINEAR LINEAR LINEAR LINEAR LINEAR
LINEAR LINEAR LINEAR LINEAR LINEAR LINEAR LINEAR LINEAR LINEAR LINEAR LINEAR LINEAR
LINEAR LINEAR LINEAR LINEAR LINEAR LINEAR LINEAR LINEAR LINEAR LINEAR LINEAR LINEAR
LINEAR LINEAR LINEAR LINEAR</Name_array>
        <technique_common>
          <accessor source="#mixamorig_Spine-Interpolations-array" count="75">
            <param type="name"/>
          </accessor>
        </technique_common>
      </source>
      <sampler id="mixamorig_Spine-Matrix-animation-transform">
        <input semantic="INPUT" source="#mixamorig_Spine-Matrix-animation-input"/>
        <input semantic="OUTPUT" source="#mixamorig_Spine-Matrix-animation-output-transform"/>
        <input semantic="INTERPOLATION" source="#mixamorig_Spine-Interpolations"/>
      </sampler>
      <channel source="#mixamorig_Spine-Matrix-animation-transform" target="mixamorig_Spine/matrix"/>
    </animation>
    <animation id="mixamorig_Spine1-anim" name="mixamorig_Spine1">
      <source id="mixamorig_Spine1-Matrix-animation-input">
        <float_array id="mixamorig_Spine1-Matrix-animation-input-array" count="75">

0.000000 0.033333 0.066667 0.100000 0.133333 0.166667 0.200000 0.233333 0.266667 0.300000 0.333333 0.366667 0.400000 0.433333 0.466667 0.500000
0.533333 0.566667 0.600000 0.633333 0.666667 0.700000 0.733333 0.766667 0.800000 0.833333 0.866667 0.900000 0.933333 0.966667 1.000000 1.033333
1.066667 1.100000 1.133333 1.166667 1.200000 1.233333 1.266667 1.300000 1.333333 1.366667 1.400000 1.433333 1.466667 1.500000 1.533333 1.566667
1.600000 1.633333 1.666667 1.700000 1.733333 1.766667 1.800000 1.833333 1.866667 1.900000 1.933333 1.966667 2.000000 2.033333 2.066667 2.100000
2.133333 2.166667 2.200000 2.233333 2.266667 2.300000 2.333333 2.366667 2.400000 2.433333 2.466667</float_array>
        <technique_common>
          <accessor source="#mixamorig_Spine1-Matrix-animation-input-array" count="75">
            <param name="TIME" type="float"/>
          </accessor>
        </technique_common>
      </source>
      <source id="mixamorig_Spine1-Matrix-animation-output-transform">
        <float_array id="mixamorig_Spine1-Matrix-animation-output-transform-array" count="1200">

0.999613 -0.027419 0.004626 0.000000 0.027506 0.999423 -0.019926 0.866700 -0.004077 0.020045 0.999791 0.000000 0.000000 0.000000 0.000000 1.000000
0.999613 -0.027419 0.004626 0.000000 0.027506 0.999423 -0.019926 0.866700 -0.004077 0.020045 0.999791 0.000000 0.000000 0.000000 0.000000 1.000000
0.999613 -0.027419 0.004626 -0.000000 0.027506 0.999423 -0.019926 0.866700 -0.004077 0.020045 0.999791 0.000000 0.000000 0.000000 0.000000 1.000000
0.999611 -0.027518 0.004621 0.000000 0.027605 0.999420 -0.019926 0.866700 -0.004070 0.020046 0.999791 -0.000000 0.000000 0.000000 0.000000 1.000000
0.999606 -0.027704 0.004545 0.000000 0.027789 0.999415 -0.019926 0.866700 -0.003990 0.020044 0.999791 0.000000 0.000000 0.000000 0.000000 1.000000
0.999602 -0.027923 0.004139 -0.000000 0.028000 0.999409 -0.019927 0.866700 -0.003580 0.020034 0.999793 0.000000 0.000000 0.000000 0.000000 1.000000
0.999597 -0.028182 0.003419 0.000000 0.028244 0.999406 -0.019747 0.866700 -0.002860 0.019836 0.999799 0.000000 0.000000 0.000000 0.000000 1.000000
0.999594 -0.028381 0.002507 0.000000 0.028425 0.999405 -0.019521 0.866700 -0.001951 0.019584 0.999806 -0.000000 0.000000 0.000000 0.000000 1.000000
0.999593 -0.028498 0.001545 0.000000 0.028522 0.999404 -0.019442 0.866700 -0.000990 0.019478 0.999810 0.000000 0.000000 0.000000 0.000000 1.000000
0.999592 -0.028546 0.000606 0.000000 0.028553 0.999406 -0.019291 0.866700 -0.000055 0.019300 0.999814 0.000000 0.000000 0.000000 0.000000 1.000000
0.999593 -0.028538 -0.000205 0.000000 0.028529 0.999416 -0.018822 0.866700 0.000742 0.018809 0.999823 0.000000 0.000000 0.000000 0.000000 1.000000
0.999596 -0.028394 -0.000883 0.000000 0.028374 0.999430 -0.018276 0.866700 0.001401 0.018244 0.999833 0.000000 0.000000 0.000000 0.000000 1.000000
0.999604 -0.028112 -0.001522 -0.000000 0.028080 0.999445 -0.017896 0.866700 0.002024 0.017846 0.999839 0.000000 0.000000 0.000000 0.000000 1.000000
0.999610 -0.027826 -0.002157 0.000000 0.027784 0.999459 -0.017580 0.866700 0.002645 0.017513 0.999843 0.000000 0.000000 0.000000 0.000000 1.000000
0.999618 -0.027511 -0.002786 0.000000 0.027459 0.999474 -0.017242 0.866700 0.003259 0.017159 0.999847 0.000000 0.000000 0.000000 0.000000 1.000000
0.999626 -0.027148 -0.003429 -0.000000 0.027086 0.999491 -0.016867 0.866700 0.003885 0.016768 0.999852 0.000000 0.000000 0.000000 0.000000 1.000000
0.999634 -0.026759 -0.004030 0.000000 0.026689 0.999508 -0.016490 0.866700 0.004469 0.016376 0.999856 0.000000 0.000000 0.000000 0.000000 1.000000
0.999642 -0.026364 -0.004458 0.000000 0.026289 0.999522 -0.016262 0.866700 0.004885 0.016139 0.999858 0.000000 0.000000 0.000000 0.000000 1.000000
0.999650 -0.026020 -0.004706 -0.000000 0.025940 0.999532 -0.016198 0.866700 0.005126 0.016070 0.999858 0.000000 0.000000 0.000000 0.000000 1.000000
0.999654 -0.025818 -0.004959 0.000000 0.025735 0.999538 -0.016149 0.866700 0.005373 0.016015 0.999857 -0.000000 0.000000 0.000000 0.000000 1.000000
0.999655 -0.025752 -0.005231 0.000000 0.025665 0.999541 -0.016107 0.866700 0.005643 0.015967 0.999857 -0.000000 0.000000 0.000000 0.000000 1.000000
0.999655 -0.025718 -0.005424 0.000000 0.025628 0.999542 -0.016068 0.866700 0.005835 0.015923 0.999856 -0.000000 0.000000 0.000000 0.000000 1.000000
0.999655 -0.025670 -0.005546 -0.000000 0.025578 0.999544 -0.016038 0.866700 0.005955 0.015891 0.999856 0.000000 0.000000 0.000000 0.000000 1.000000
0.999656 -0.025630 -0.005604 -0.000000 0.025537 0.999545 -0.016026 0.866700 0.006013 0.015878 0.999856 0.000000 0.000000 0.000000 0.000000 1.000000
0.999657 -0.025595 -0.005632 0.000000 0.025502 0.999546 -0.016069 0.866700 0.006040 0.015920 0.999855 0.000000 0.000000 0.000000 0.000000 1.000000
0.999658 -0.025556 -0.005605 -0.000000 0.025462 0.999544 -0.016238 0.866700 0.006018 0.016090 0.999852 0.000000 0.000000 0.000000 0.000000 1.000000
0.999660 -0.025497 -0.005449 0.000000 0.025405 0.999542 -0.016421 0.866700 0.005865 0.016277 0.999850 -0.000000 0.000000 0.000000 0.000000 1.000000
0.999663 -0.025422 -0.005197 0.000000 0.025332 0.999541 -0.016605 0.866700 0.005617 0.016468 0.999849 -0.000000 0.000000 0.000000 0.000000 1.000000
0.999666 -0.025348 -0.005016 -0.000000 0.025260 0.999540 -0.016783 0.866700 0.005439 0.016650 0.999847 0.000000 0.000000 0.000000 0.000000 1.000000
0.999669 -0.025246 -0.004937 0.000000 0.025159 0.999540 -0.016963 0.866700 0.005363 0.016833 0.999844 -0.000000 0.000000 0.000000 0.000000 1.000000
0.999673 -0.025109 -0.004888 -0.000000 0.025021 0.999538 -0.017241 0.866700 0.005319 0.017113 0.999839 0.000000 0.000000 0.000000 0.000000 1.000000
0.999678 -0.024921 -0.004765 0.000000 0.024834 0.999537 -0.017595 0.866700 0.005201 0.017471 0.999834 -0.000000 0.000000 0.000000 0.000000 1.000000
0.999683 -0.024793 -0.004459 0.000000 0.024710 0.999536 -0.017827 0.866700 0.004899 0.017711 0.999831 0.000000 0.000000 0.000000 0.000000 1.000000
0.999687 -0.024726 -0.003900 0.000000 0.024652 0.999535 -0.017929 0.866700 0.004341 0.017828 0.999832 0.000000 0.000000 0.000000 0.000000 1.000000
0.999692 -0.024651 -0.003036 0.000000 0.024592 0.999533 -0.018132 0.866700 0.003482 0.018052 0.999831 0.000000 0.000000 0.000000 0.000000 1.000000
0.999699 -0.024475 -0.001890 0.000000 0.024436 0.999532 -0.018416 0.866700 0.002340 0.018365 0.999829 0.000000 0.000000 0.000000 0.000000 1.000000
0.999711 -0.024043 -0.000697 -0.000000 0.024026 0.999540 -0.018521 0.866700 0.001142 0.018499 0.999828 0.000000 0.000000 0.000000 0.000000 1.000000
0.999726 -0.023414 0.000252 0.000000 0.023414 0.999558 -0.018325 0.866700 0.000177 0.018326 0.999832 -0.000000 0.000000 0.000000 0.000000 1.000000
0.999736 -0.022950 0.001023 0.000000 0.022965 0.999575 -0.017981 0.866700 -0.000610 0.018000 0.999838 -0.000000 0.000000 0.000000 0.000000 1.000000
0.999738 -0.022794 0.001843 0.000000 0.022823 0.999581 -0.017782 0.866700 -0.001437 0.017819 0.999840 0.000000 0.000000 0.000000 0.000000 1.000000
0.999737 -0.022795 0.002538 -0.000000 0.022836 0.999582 -0.017716 0.866700 -0.002133 0.017770 0.999840 0.000000 0.000000 0.000000 0.000000 1.000000
0.999730 -0.023050 0.002778 0.000000 0.023096 0.999577 -0.017674 0.866700 -0.002370 0.017734 0.999840 -0.000000 0.000000 0.000000 0.000000 1.000000
0.999718 -0.023558 0.002817 0.000000 0.023604 0.999566 -0.017624 0.866700 -0.002400 0.017686 0.999841 -0.000000 0.000000 0.000000 0.000000 1.000000
0.999703 -0.024191 0.003073 -0.000000 0.024242 0.999552 -0.017578 0.866700 -0.002647 0.017647 0.999841 0.000000 0.000000 0.000000 0.000000 1.000000
0.999686 -0.024797 0.003473 0.000000 0.024854 0.999537 -0.017548 0.866700 -0.003036 0.017629 0.999840 0.000000 0.000000 0.000000 0.000000 1.000000
0.999674 -0.025267 0.003761 0.000000 0.025330 0.999525 -0.017552 0.866700 -0.003316 0.017641 0.999839 0.000000 0.000000 0.000000 0.000000 1.000000
0.999663 -0.025654 0.003895 -0.000000 0.025719 0.999514 -0.017602 0.866700 -0.003442 0.017696 0.999837 0.000000 0.000000 0.000000 0.000000 1.000000
0.999652 -0.026046 0.004083 0.000000 0.026114 0.999501 -0.017775 0.866700 -0.003618 0.017876 0.999834 0.000000 0.000000 0.000000 0.000000 1.000000
0.999643 -0.026333 0.004486 0.000000 0.026410 0.999489 -0.017984 0.866700 -0.004011 0.018096 0.999828 -0.000000 0.000000 0.000000 0.000000 1.000000
0.999638 -0.026433 0.004990 -0.000000 0.026521 0.999480 -0.018319 0.866700 -0.004503 0.018445 0.999820 0.000000 0.000000 0.000000 0.000000 1.000000
0.999636 -0.026457 0.005352 0.000000 0.026553 0.999473 -0.018694 0.866700 -0.004855 0.018829 0.999811 0.000000 0.000000 0.000000 0.000000 1.000000
0.999636 -0.026441 0.005433 0.000000 0.026539 0.999469 -0.018902 0.866700 -0.004931 0.019039 0.999807 0.000000 0.000000 0.000000 0.000000 1.000000
0.999637 -0.026421 0.005351 -0.000000 0.026519 0.999468 -0.019001 0.866700 -0.004846 0.019136 0.999805 0.000000 0.000000 0.000000 0.000000 1.000000
0.999637 -0.026433 0.005126 0.000000 0.026527 0.999466 -0.019106 0.866700 -0.004619 0.019235 0.999804 -0.000000 0.000000 0.000000 0.000000 1.000000
0.999636 -0.026536 0.004898 0.000000 0.026625 0.999461 -0.019194 0.866700 -0.004386 0.019318 0.999804 -0.000000 0.000000 0.000000 0.000000 1.000000
0.999630 -0.026778 0.004762 0.000000 0.026865 0.999454 -0.019236 0.866700 -0.004245 0.019356 0.999804 -0.000000 0.000000 0.000000 0.000000 1.000000
0.999625 -0.026958 0.004716 0.000000 0.027044 0.999449 -0.019254 0.866700 -0.004194 0.019374 0.999804 0.000000 0.000000 0.000000 0.000000 1.000000
0.999624 -0.027023 0.004686 0.000000 0.027108 0.999447 -0.019257 0.866700 -0.004163 0.019377 0.999804 0.000000 0.000000 0.000000 0.000000 1.000000
0.999623 -0.027054 0.004661 0.000000 0.027139 0.999446 -0.019249 0.866700 -0.004138 0.019369 0.999804 0.000000 0.000000 0.000000 0.000000 1.000000
0.999623 -0.027079 0.004642 0.000000 0.027163 0.999446 -0.019238 0.866700 -0.004118 0.019357 0.999804 -0.000000 0.000000 0.000000 0.000000 1.000000
0.999622 -0.027098 0.004626 -0.000000 0.027182 0.999446 -0.019230 0.866700 -0.004102 0.019348 0.999804 0.000000 0.000000 0.000000 0.000000 1.000000
0.999622 -0.027113 0.004612 -0.000000 0.027197 0.999445 -0.019230 0.866700 -0.004088 0.019348 0.999804 0.000000 0.000000 0.000000 0.000000 1.000000
0.999621 -0.027124 0.004600 0.000000 0.027208 0.999445 -0.019244 0.866700 -0.004076 0.019362 0.999804 0.000000 0.000000 0.000000 0.000000 1.000000
0.999621 -0.027134 0.004587 0.000000 0.027217 0.999444 -0.019279 0.866700 -0.004062 0.019397 0.999804 0.000000 0.000000 0.000000 0.000000 1.000000
0.999621 -0.027142 0.004573 0.000000 0.027226 0.999442 -0.019347 0.866700 -0.004046 0.019464 0.999802 0.000000 0.000000 0.000000 0.000000 1.000000
0.999621 -0.027151 0.004568 0.000000 0.027235 0.999441 -0.019388 0.866700 -0.004039 0.019505 0.999802 0.000000 0.000000 0.000000 0.000000 1.000000
0.999621 -0.027162 0.004568 -0.000000 0.027246 0.999440 -0.019422 0.866700 -0.004038 0.019539 0.999801 0.000000 0.000000 0.000000 0.000000 1.000000
0.999620 -0.027176 0.004567 0.000000 0.027260 0.999439 -0.019468 0.866700 -0.004036 0.019585 0.999800 -0.000000 0.000000 0.000000 0.000000 1.000000
0.999620 -0.027177 0.004567 0.000000 0.027262 0.999437 -0.019562 0.866700 -0.004033 0.019679 0.999798 0.000000 0.000000 0.000000 0.000000 1.000000
